DAS0 38.50016375010297 -112.88322035447305 0.0
DAS1 38.50016375010297 -112.88322035447305 0.0007818608287724785
DAS2 38.50016375010297 -112.88322035447305 0.001563721657544957
DAS3 38.50016375010297 -112.88322035447305 0.0023455824863174357
DAS4 38.50016375010297 -112.88322035447305 0.003127443315089914
DAS5 38.50016375010297 -112.88322035447305 0.003909304143862393
DAS6 38.50016375010297 -112.88322035447305 0.004691164972634871
DAS7 38.50016375010297 -112.88322035447305 0.0054730258014073505
DAS8 38.50016375010297 -112.88322035447305 0.006254886630179828
DAS9 38.50016375010297 -112.88322035447305 0.007036747458952306
DAS10 38.50016375010297 -112.88322035447305 0.007818608287724786
DAS11 38.50016375010297 -112.88322035447305 0.008600469116497264
DAS12 38.50016375010297 -112.88322035447305 0.009382329945269743
DAS13 38.50016375010297 -112.88322035447305 0.010164190774042221
DAS14 38.50016375010297 -112.88322035447305 0.010946051602814701
DAS15 38.50016375010297 -112.88322035447305 0.011727912431587178
DAS16 38.50016375010297 -112.88322035447305 0.012509773260359656
DAS17 38.50016375010297 -112.88322035447305 0.013291634089132134
DAS18 38.50016375010297 -112.88322035447305 0.014073494917904612
DAS19 38.50016375010297 -112.88322035447305 0.014855355746677092
DAS20 38.50016375010297 -112.88322035447305 0.015637216575449572
DAS21 38.50016375010297 -112.88322035447305 0.01641907740422205
DAS22 38.50016375010297 -112.88322035447305 0.01720093823299453
DAS23 38.50016375010297 -112.88322035447305 0.01798279906176701
DAS24 38.50016375010297 -112.88322035447305 0.018764659890539485
DAS25 38.50016375010297 -112.88322035447305 0.019546520719311965
DAS26 38.50016375010297 -112.88322035447305 0.020328381548084442
DAS27 38.50016375010297 -112.88322035447305 0.021110242376856922
DAS28 38.50016375010297 -112.88322035447305 0.021892103205629402
DAS29 38.50016375010297 -112.88322035447305 0.022673964034401875
DAS30 38.50016375010297 -112.88322035447305 0.023455824863174355
DAS31 38.50016375010297 -112.88322035447305 0.02423768569194683
DAS32 38.50016375010297 -112.88322035447305 0.02501954652071931
DAS33 38.50016375010297 -112.88322035447305 0.02580140734949179
DAS34 38.50016375010297 -112.88322035447305 0.026583268178264268
DAS35 38.50016375010297 -112.88322035447305 0.027365129007036748
DAS36 38.50016375010297 -112.88322035447305 0.028146989835809225
DAS37 38.50016375010297 -112.88322035447305 0.028928850664581705
DAS38 38.50016375010297 -112.88322035447305 0.029710711493354185
DAS39 38.50016375010297 -112.88322035447305 0.03049257232212666
DAS40 38.50016375010297 -112.88322035447305 0.031274433150899145
DAS41 38.50016375010297 -112.88322035447305 0.03205629397967162
DAS42 38.50016375010297 -112.88322035447305 0.0328381548084441
DAS43 38.50016375010297 -112.88322035447305 0.033620015637216574
DAS44 38.50016375010297 -112.88322035447305 0.03440187646598906
DAS45 38.50016375010297 -112.88322035447305 0.035183737294761534
DAS46 38.50016375010297 -112.88322035447305 0.03596559812353402
DAS47 38.50016375010297 -112.88322035447305 0.03674745895230649
DAS48 38.50016375010297 -112.88322035447305 0.03752931978107897
DAS49 38.50016375010297 -112.88322035447305 0.03831118060985145
DAS50 38.50016375010297 -112.88322035447305 0.03909304143862393
DAS51 38.50016375010297 -112.88322035447305 0.03987490226739641
DAS52 38.50016375010297 -112.88322035447305 0.040656763096168884
DAS53 38.50016375010297 -112.88322035447305 0.04143862392494136
DAS54 38.50016375010297 -112.88322035447305 0.042220484753713844
DAS55 38.50016375010297 -112.88322035447305 0.04300234558248632
DAS56 38.50016375010297 -112.88322035447305 0.043784206411258804
DAS57 38.50016375010297 -112.88322035447305 0.044566067240031274
DAS58 38.50016375010297 -112.88322035447305 0.04534792806880375
DAS59 38.50016375010297 -112.88322035447305 0.046129788897576234
DAS60 38.50016375010297 -112.88322035447305 0.04691164972634871
DAS61 38.50016375010297 -112.88322035447305 0.047693510555121194
DAS62 38.50016375010297 -112.88322035447305 0.04847537138389366
DAS63 38.50016375010297 -112.88322035447305 0.04925723221266615
DAS64 38.50016375010297 -112.88322035447305 0.05003909304143862
DAS65 38.50016375010297 -112.88322035447305 0.05082095387021111
DAS66 38.50016375010297 -112.88322035447305 0.05160281469898358
DAS67 38.50016375010297 -112.88322035447305 0.05238467552775606
DAS68 38.50016375010297 -112.88322035447305 0.053166536356528536
DAS69 38.50016375010297 -112.88322035447305 0.05394839718530102
DAS70 38.50016375010297 -112.88322035447305 0.054730258014073496
DAS71 38.50016375010297 -112.88322035447305 0.05551211884284598
DAS72 38.50016375010297 -112.88322035447305 0.05629397967161845
DAS73 38.50016375010297 -112.88322035447305 0.05707584050039093
DAS74 38.50016375010297 -112.88322035447305 0.05785770132916341
DAS75 38.50016375010297 -112.88322035447305 0.05863956215793589
DAS76 38.50016375010297 -112.88322035447305 0.05942142298670837
DAS77 38.50016375010297 -112.88322035447305 0.060203283815480846
DAS78 38.50016375010297 -112.88322035447305 0.06098514464425332
DAS79 38.50016375010297 -112.88322035447305 0.061767005473025806
DAS80 38.50016375010297 -112.88322035447305 0.06254886630179829
DAS81 38.50016375010297 -112.88322035447305 0.06333072713057077
DAS82 38.50016375010297 -112.88322035447305 0.06411258795934324
DAS83 38.50016375010297 -112.88322035447305 0.06489444878811572
DAS84 38.50016375010297 -112.88322035447305 0.0656763096168882
DAS85 38.50016375010297 -112.88322035447305 0.06645817044566067
DAS86 38.50016375010297 -112.88322035447305 0.06724003127443315
DAS87 38.50016375010297 -112.88322035447305 0.06802189210320563
DAS88 38.50016375010297 -112.88322035447305 0.06880375293197812
DAS89 38.50016375010297 -112.88322035447305 0.06958561376075059
DAS90 38.50016375010297 -112.88322035447305 0.07036747458952307
DAS91 38.50016375010297 -112.88322035447305 0.07114933541829555
DAS92 38.50016375010297 -112.88322035447305 0.07193119624706804
DAS93 38.50016375010297 -112.88322035447305 0.07271305707584051
DAS94 38.50016375010297 -112.88322035447305 0.07349491790461297
DAS95 38.50016375010297 -112.88322035447305 0.07427677873338545
DAS96 38.50016375010297 -112.88322035447305 0.07505863956215794
DAS97 38.50016375010297 -112.88322035447305 0.07584050039093042
DAS98 38.50016375010297 -112.88322035447305 0.0766223612197029
DAS99 38.50016375010297 -112.88322035447305 0.07740422204847537
DAS100 38.50016375010297 -112.88322035447305 0.07818608287724786
DAS101 38.50016375010297 -112.88322035447305 0.07896794370602034
DAS102 38.50016375010297 -112.88322035447305 0.07974980453479281
DAS103 38.50016375010297 -112.88322035447305 0.08053166536356529
DAS104 38.50016375010297 -112.88322035447305 0.08131352619233777
DAS105 38.50016375010297 -112.88322035447305 0.08209538702111024
DAS106 38.50016375010297 -112.88322035447305 0.08287724784988272
DAS107 38.50016375010297 -112.88322035447305 0.0836591086786552
DAS108 38.50016375010297 -112.88322035447305 0.08444096950742769
DAS109 38.50016375010297 -112.88322035447305 0.08522283033620016
DAS110 38.50016375010297 -112.88322035447305 0.08600469116497264
DAS111 38.50016375010297 -112.88322035447305 0.08678655199374512
DAS112 38.50016375010297 -112.88322035447305 0.08756841282251761
DAS113 38.50016375010297 -112.88322035447305 0.08835027365129008
DAS114 38.50016375010297 -112.88322035447305 0.08913213448006255
DAS115 38.50016375010297 -112.88322035447305 0.08991399530883502
DAS116 38.50016375010297 -112.88322035447305 0.0906958561376075
DAS117 38.50016375010297 -112.88322035447305 0.09147771696637999
DAS118 38.50016375010297 -112.88322035447305 0.09225957779515247
DAS119 38.50016375010297 -112.88322035447305 0.09304143862392494
DAS120 38.50016375010297 -112.88322035447305 0.09382329945269742
DAS121 38.50016375010297 -112.88322035447305 0.09460516028146991
DAS122 38.50016375010297 -112.88322035447305 0.09538702111024239
DAS123 38.50016375010297 -112.88322035447305 0.09616888193901486
DAS124 38.50016375010297 -112.88322035447305 0.09695074276778733
DAS125 38.50016375010297 -112.88322035447305 0.09773260359655982
DAS126 38.50016375010297 -112.88322035447305 0.0985144644253323
DAS127 38.50016375010297 -112.88322035447305 0.09929632525410477
DAS128 38.50016375010297 -112.88322035447305 0.10007818608287725
DAS129 38.50016375010297 -112.88322035447305 0.10086004691164974
DAS130 38.50016375010297 -112.88322035447305 0.10164190774042221
DAS131 38.50016375010297 -112.88322035447305 0.10242376856919469
DAS132 38.50016375010297 -112.88322035447305 0.10320562939796717
DAS133 38.50016375010297 -112.88322035447305 0.10398749022673964
DAS134 38.50016375010297 -112.88322035447305 0.10476935105551212
DAS135 38.50016375010297 -112.88322035447305 0.1055512118842846
DAS136 38.50016375010297 -112.88322035447305 0.10633307271305707
DAS137 38.50016375010297 -112.88322035447305 0.10711493354182956
DAS138 38.50016375010297 -112.88322035447305 0.10789679437060204
DAS139 38.50016375010297 -112.88322035447305 0.10867865519937452
DAS140 38.50016375010297 -112.88322035447305 0.10946051602814699
DAS141 38.50016375010297 -112.88322035447305 0.11024237685691948
DAS142 38.50016375010297 -112.88322035447305 0.11102423768569196
DAS143 38.50016375010297 -112.88322035447305 0.11180609851446442
DAS144 38.50016375010297 -112.88322035447305 0.1125879593432369
DAS145 38.50016375010297 -112.88322035447305 0.11336982017200939
DAS146 38.50016375010297 -112.88322035447305 0.11415168100078187
DAS147 38.50016375010297 -112.88322035447305 0.11493354182955434
DAS148 38.50016375010297 -112.88322035447305 0.11571540265832682
DAS149 38.50016375010297 -112.88322035447305 0.11649726348709931
DAS150 38.50016375010297 -112.88322035447305 0.11727912431587179
DAS151 38.50016375010297 -112.88322035447305 0.11806098514464426
DAS152 38.50016375010297 -112.88322035447305 0.11884284597341674
DAS153 38.50016375010297 -112.88322035447305 0.11962470680218922
DAS154 38.50016375010297 -112.88322035447305 0.12040656763096169
DAS155 38.50016375010297 -112.88322035447305 0.12118842845973417
DAS156 38.50016375010297 -112.88322035447305 0.12197028928850664
DAS157 38.50016375010297 -112.88322035447305 0.12275215011727914
DAS158 38.50016375010297 -112.88322035447305 0.12353401094605161
DAS159 38.50016375010297 -112.88322035447305 0.12431587177482409
DAS160 38.50016375010297 -112.88322035447305 0.12509773260359658
DAS161 38.50016375010297 -112.88322035447305 0.12587959343236904
DAS162 38.50016375010297 -112.88322035447305 0.12666145426114153
DAS163 38.50016375010297 -112.88322035447305 0.127443315089914
DAS164 38.50016375010297 -112.88322035447305 0.12822517591868648
DAS165 38.50016375010297 -112.88322035447305 0.12900703674745895
DAS166 38.50016375010297 -112.88322035447305 0.12978889757623144
DAS167 38.50016375010297 -112.88322035447305 0.13057075840500393
DAS168 38.50016375010297 -112.88322035447305 0.1313526192337764
DAS169 38.50016375010297 -112.88322035447305 0.13213448006254888
DAS170 38.50016375010297 -112.88322035447305 0.13291634089132134
DAS171 38.50016375010297 -112.88322035447305 0.13369820172009383
DAS172 38.50016375010297 -112.88322035447305 0.1344800625488663
DAS173 38.50016375010297 -112.88322035447305 0.1352619233776388
DAS174 38.50016375010297 -112.88322035447305 0.13604378420641125
DAS175 38.50016375010297 -112.88322035447305 0.13682564503518374
DAS176 38.50016375010297 -112.88322035447305 0.13760750586395623
DAS177 38.50016375010297 -112.88322035447305 0.13838936669272872
DAS178 38.50016375010297 -112.88322035447305 0.13917122752150118
DAS179 38.50016375010297 -112.88322035447305 0.13995308835027365
DAS180 38.50016375010297 -112.88322035447305 0.14073494917904614
DAS181 38.50016375010297 -112.88322035447305 0.1415168100078186
DAS182 38.50016375010297 -112.88322035447305 0.1422986708365911
DAS183 38.50016375010297 -112.88322035447305 0.14308053166536355
DAS184 38.50016375010297 -112.88322035447305 0.14386239249413607
DAS185 38.50016375010297 -112.88322035447305 0.14464425332290853
DAS186 38.50016375010297 -112.88322035447305 0.14542611415168102
DAS187 38.50016375010297 -112.88322035447305 0.1462079749804535
DAS188 38.50016375010297 -112.88322035447305 0.14698983580922595
DAS189 38.50016375010297 -112.88322035447305 0.14777169663799844
DAS190 38.50016375010297 -112.88322035447305 0.1485535574667709
DAS191 38.50016375010297 -112.88322035447305 0.1493354182955434
DAS192 38.50016375010297 -112.88322035447305 0.15011727912431588
DAS193 38.50016375010297 -112.88322035447305 0.15089913995308837
DAS194 38.50016375010297 -112.88322035447305 0.15168100078186084
DAS195 38.50016375010297 -112.88322035447305 0.15246286161063333
DAS196 38.50016375010297 -112.88322035447305 0.1532447224394058
DAS197 38.50016375010297 -112.88322035447305 0.15402658326817825
DAS198 38.50016375010297 -112.88322035447305 0.15480844409695074
DAS199 38.50016375010297 -112.88322035447305 0.1555903049257232
DAS200 38.50016375010297 -112.88322035447305 0.15637216575449572
DAS201 38.50016375010297 -112.88322035447305 0.15715402658326819
DAS202 38.50016375010297 -112.88322035447305 0.15793588741204068
DAS203 38.50016375010297 -112.88322035447305 0.15871774824081314
DAS204 38.50016375010297 -112.88322035447305 0.15949960906958563
DAS205 38.50016375010297 -112.88322035447305 0.1602814698983581
DAS206 38.50016375010297 -112.88322035447305 0.16106333072713058
DAS207 38.50016375010297 -112.88322035447305 0.16184519155590305
DAS208 38.50016375010297 -112.88322035447305 0.16262705238467554
DAS209 38.50016375010297 -112.88322035447305 0.16340891321344803
DAS210 38.50016375010297 -112.88322035447305 0.1641907740422205
DAS211 38.50016375010297 -112.88322035447305 0.16497263487099298
DAS212 38.50016375010297 -112.88322035447305 0.16575449569976544
DAS213 38.50016375010297 -112.88322035447305 0.16653635652853793
DAS214 38.50016375010297 -112.88322035447305 0.1673182173573104
DAS215 38.50016375010297 -112.88322035447305 0.16810007818608289
DAS216 38.50016375010297 -112.88322035447305 0.16888193901485538
DAS217 38.50016375010297 -112.88322035447305 0.16966379984362784
DAS218 38.50016375010297 -112.88322035447305 0.17044566067240033
DAS219 38.50016375010297 -112.88322035447305 0.1712275215011728
DAS220 38.50016375010297 -112.88322035447305 0.17200938232994528
DAS221 38.50016375010297 -112.88322035447305 0.17279124315871774
DAS222 38.50016375010297 -112.88322035447305 0.17357310398749023
DAS223 38.50016375010297 -112.88322035447305 0.1743549648162627
DAS224 38.50016375010297 -112.88322035447305 0.17513682564503522
DAS225 38.50016375010297 -112.88322035447305 0.17591868647380768
DAS226 38.50016375010297 -112.88322035447305 0.17670054730258017
DAS227 38.50016375010297 -112.88322035447305 0.17748240813135263
DAS228 38.50016375010297 -112.88322035447305 0.1782642689601251
DAS229 38.50016375010297 -112.88322035447305 0.17904612978889758
DAS230 38.50016375010297 -112.88322035447305 0.17982799061767005
DAS231 38.50016375010297 -112.88322035447305 0.18060985144644254
DAS232 38.50016375010297 -112.88322035447305 0.181391712275215
DAS233 38.50016375010297 -112.88322035447305 0.18217357310398752
DAS234 38.50016375010297 -112.88322035447305 0.18295543393275998
DAS235 38.50016375010297 -112.88322035447305 0.18373729476153247
DAS236 38.50016375010297 -112.88322035447305 0.18451915559030493
DAS237 38.50016375010297 -112.88322035447305 0.1853010164190774
DAS238 38.50016375010297 -112.88322035447305 0.1860828772478499
DAS239 38.50016375010297 -112.88322035447305 0.18686473807662235
DAS240 38.50016375010297 -112.88322035447305 0.18764659890539484
DAS241 38.50016375010297 -112.88322035447305 0.18842845973416733
DAS242 38.50016375010297 -112.88322035447305 0.18921032056293982
DAS243 38.50016375010297 -112.88322035447305 0.18999218139171228
DAS244 38.50016375010297 -112.88322035447305 0.19077404222048477
DAS245 38.50016375010297 -112.88322035447305 0.19155590304925724
DAS246 38.50016375010297 -112.88322035447305 0.19233776387802973
DAS247 38.50016375010297 -112.88322035447305 0.1931196247068022
DAS248 38.50016375010297 -112.88322035447305 0.19390148553557465
DAS249 38.50016375010297 -112.88322035447305 0.19468334636434717
DAS250 38.50016375010297 -112.88322035447305 0.19546520719311963
DAS251 38.50016375010297 -112.88322035447305 0.19624706802189212
DAS252 38.50016375010297 -112.88322035447305 0.1970289288506646
DAS253 38.50016375010297 -112.88322035447305 0.19781078967943708
DAS254 38.50016375010297 -112.88322035447305 0.19859265050820954
DAS255 38.50016375010297 -112.88322035447305 0.19937451133698203
DAS256 38.50016375010297 -112.88322035447305 0.2001563721657545
DAS257 38.50016375010297 -112.88322035447305 0.20093823299452698
DAS258 38.50016375010297 -112.88322035447305 0.20172009382329947
DAS259 38.50016375010297 -112.88322035447305 0.20250195465207194
DAS260 38.50016375010297 -112.88322035447305 0.20328381548084443
DAS261 38.50016375010297 -112.88322035447305 0.2040656763096169
DAS262 38.50016375010297 -112.88322035447305 0.20484753713838938
DAS263 38.50016375010297 -112.88322035447305 0.20562939796716184
DAS264 38.50016375010297 -112.88322035447305 0.20641125879593433
DAS265 38.50016375010297 -112.88322035447305 0.20719311962470682
DAS266 38.50016375010297 -112.88322035447305 0.20797498045347929
DAS267 38.50016375010297 -112.88322035447305 0.20875684128225178
DAS268 38.50016375010297 -112.88322035447305 0.20953870211102424
DAS269 38.50016375010297 -112.88322035447305 0.21032056293979673
DAS270 38.50016375010297 -112.88322035447305 0.2111024237685692
DAS271 38.50016375010297 -112.88322035447305 0.21188428459734168
DAS272 38.50016375010297 -112.88322035447305 0.21266614542611414
DAS273 38.50016375010297 -112.88322035447305 0.21344800625488666
DAS274 38.50016375010297 -112.88322035447305 0.21422986708365913
DAS275 38.50016375010297 -112.88322035447305 0.21501172791243162
DAS276 38.50016375010297 -112.88322035447305 0.21579358874120408
DAS277 38.50016375010297 -112.88322035447305 0.21657544956997654
DAS278 38.50016375010297 -112.88322035447305 0.21735731039874903
DAS279 38.50016375010297 -112.88322035447305 0.2181391712275215
DAS280 38.50016375010297 -112.88322035447305 0.21892103205629398
DAS281 38.50016375010297 -112.88322035447305 0.21970289288506645
DAS282 38.50016375010297 -112.88322035447305 0.22048475371383897
DAS283 38.50016375010297 -112.88322035447305 0.22126661454261143
DAS284 38.50016375010297 -112.88322035447305 0.22204847537138392
DAS285 38.50016375010297 -112.88322035447305 0.22283033620015638
DAS286 38.50016375010297 -112.88322035447305 0.22361219702892884
DAS287 38.50016375010297 -112.88322035447305 0.22439405785770133
DAS288 38.50016375010297 -112.88322035447305 0.2251759186864738
DAS289 38.50016375010297 -112.88322035447305 0.2259577795152463
DAS290 38.50016375010297 -112.88322035447305 0.22673964034401878
DAS291 38.50016375010297 -112.88322035447305 0.22752150117279127
DAS292 38.50016375010297 -112.88322035447305 0.22830336200156373
DAS293 38.50016375010297 -112.88322035447305 0.22908522283033622
DAS294 38.50016375010297 -112.88322035447305 0.22986708365910868
DAS295 38.50016375010297 -112.88322035447305 0.23064894448788117
DAS296 38.50016375010297 -112.88322035447305 0.23143080531665364
DAS297 38.50016375010297 -112.88322035447305 0.2322126661454261
DAS298 38.50016375010297 -112.88322035447305 0.23299452697419862
DAS299 38.50016375010297 -112.88322035447305 0.23377638780297108
DAS300 38.50016375010297 -112.88322035447305 0.23455824863174357
DAS301 38.50016375010297 -112.88322035447305 0.23534010946051603
DAS302 38.50016375010297 -112.88322035447305 0.23612197028928852
DAS303 38.50016375010297 -112.88322035447305 0.236903831118061
DAS304 38.50016375010297 -112.88322035447305 0.23768569194683348
DAS305 38.50016375010297 -112.88322035447305 0.23846755277560594
DAS306 38.50016375010297 -112.88322035447305 0.23924941360437843
DAS307 38.50016375010297 -112.88322035447305 0.24003127443315092
DAS308 38.50016375010297 -112.88322035447305 0.24081313526192338
DAS309 38.50016375010297 -112.88322035447305 0.24159499609069587
DAS310 38.50016375010297 -112.88322035447305 0.24237685691946834
DAS311 38.50016375010297 -112.88322035447305 0.24315871774824083
DAS312 38.50016375010297 -112.88322035447305 0.2439405785770133
DAS313 38.50016375010297 -112.88322035447305 0.24472243940578578
DAS314 38.50016375010297 -112.88322035447305 0.24550430023455827
DAS315 38.50016375010297 -112.88322035447305 0.24628616106333076
DAS316 38.50016375010297 -112.88322035447305 0.24706802189210322
DAS317 38.50016375010297 -112.88322035447305 0.24784988272087569
DAS318 38.50016375010297 -112.88322035447305 0.24863174354964818
DAS319 38.50016375010297 -112.88322035447305 0.24941360437842064
DAS320 38.50016375010297 -112.88322035447305 0.25019546520719316
DAS321 38.50016375010297 -112.88322035447305 0.2509773260359656
DAS322 38.50016375010297 -112.88322035447305 0.2517591868647381
DAS323 38.50016375010297 -112.88322035447305 0.25254104769351055
DAS324 38.50016375010297 -112.88322035447305 0.25332290852228306
DAS325 38.50016375010297 -112.88322035447305 0.2541047693510555
DAS326 38.50016375010297 -112.88322035447305 0.254886630179828
DAS327 38.50016375010297 -112.88322035447305 0.2556684910086005
DAS328 38.50016375010297 -112.88322035447305 0.25645035183737297
DAS329 38.50016375010297 -112.88322035447305 0.25723221266614543
DAS330 38.50016375010297 -112.88322035447305 0.2580140734949179
DAS331 38.50016375010297 -112.88322035447305 0.2587959343236904
DAS332 38.50016375010297 -112.88322035447305 0.2595777951524629
DAS333 38.50016375010297 -112.88322035447305 0.26035965598123534
DAS334 38.50016375010297 -112.88322035447305 0.26114151681000786
DAS335 38.50016375010297 -112.88322035447305 0.2619233776387803
DAS336 38.50016375010297 -112.88322035447305 0.2627052384675528
DAS337 38.50016375010297 -112.88322035447305 0.26348709929632524
DAS338 38.50016375010297 -112.88322035447305 0.26426896012509776
DAS339 38.50016375010297 -112.88322035447305 0.2650508209538702
DAS340 38.50016375010297 -112.88322035447305 0.2658326817826427
DAS341 38.50016375010297 -112.88322035447305 0.26661454261141515
DAS342 38.50016375010297 -112.88322035447305 0.26739640344018767
DAS343 38.50016375010297 -112.88322035447305 0.2681782642689602
DAS344 38.50016375010297 -112.88322035447305 0.2689601250977326
DAS345 38.50016375010297 -112.88322035447305 0.2697419859265051
DAS346 38.50016375010297 -112.88322035447305 0.2705238467552776
DAS347 38.50016375010297 -112.88322035447305 0.27130570758405004
DAS348 38.50016375010297 -112.88322035447305 0.2720875684128225
DAS349 38.50016375010297 -112.88322035447305 0.272869429241595
DAS350 38.50016375010297 -112.88322035447305 0.2736512900703675
DAS351 38.50016375010297 -112.88322035447305 0.27443315089913994
DAS352 38.50016375010297 -112.88322035447305 0.27521501172791246
DAS353 38.50016375010297 -112.88322035447305 0.2759968725566849
DAS354 38.50016375010297 -112.88322035447305 0.27677873338545744
DAS355 38.50016375010297 -112.88322035447305 0.27756059421422985
DAS356 38.50016375010297 -112.88322035447305 0.27834245504300237
DAS357 38.50016375010297 -112.88322035447305 0.27912431587177483
DAS358 38.50016375010297 -112.88322035447305 0.2799061767005473
DAS359 38.50016375010297 -112.88322035447305 0.2806880375293198
DAS360 38.50016375010297 -112.88322035447305 0.2814698983580923
DAS361 38.50016375010297 -112.88322035447305 0.2822517591868648
DAS362 38.50016375010297 -112.88322035447305 0.2830336200156372
DAS363 38.50016375010297 -112.88322035447305 0.2838154808444097
DAS364 38.50016375010297 -112.88322035447305 0.2845973416731822
DAS365 38.50016375010297 -112.88322035447305 0.28537920250195464
DAS366 38.50016375010297 -112.88322035447305 0.2861610633307271
DAS367 38.50016375010297 -112.88322035447305 0.2869429241594996
DAS368 38.50016375010297 -112.88322035447305 0.28772478498827214
DAS369 38.50016375010297 -112.88322035447305 0.28850664581704455
DAS370 38.50016375010297 -112.88322035447305 0.28928850664581707
DAS371 38.50016375010297 -112.88322035447305 0.29007036747458953
DAS372 38.50016375010297 -112.88322035447305 0.29085222830336205
DAS373 38.50016375010297 -112.88322035447305 0.29163408913213446
DAS374 38.50016375010297 -112.88322035447305 0.292415949960907
DAS375 38.50016375010297 -112.88322035447305 0.2931978107896795
DAS376 38.50016375010297 -112.88322035447305 0.2939796716184519
DAS377 38.50016375010297 -112.88322035447305 0.2947615324472244
DAS378 38.50016375010297 -112.88322035447305 0.2955433932759969
DAS379 38.50016375010297 -112.88322035447305 0.2963252541047694
DAS380 38.50016375010297 -112.88322035447305 0.2971071149335418
DAS381 38.50016375010297 -112.88322035447305 0.2978889757623143
DAS382 38.50016375010297 -112.88322035447305 0.2986708365910868
DAS383 38.50016375010297 -112.88322035447305 0.2994526974198593
DAS384 38.50016375010297 -112.88322035447305 0.30023455824863177
DAS385 38.50016375010297 -112.88322035447305 0.30101641907740423
DAS386 38.50016375010297 -112.88322035447305 0.30179827990617675
DAS387 38.50016375010297 -112.88322035447305 0.30258014073494915
DAS388 38.50016375010297 -112.88322035447305 0.3033620015637217
DAS389 38.50016375010297 -112.88322035447305 0.30414386239249414
DAS390 38.50016375010297 -112.88322035447305 0.30492572322126665
DAS391 38.50016375010297 -112.88322035447305 0.30570758405003906
DAS392 38.50016375010297 -112.88322035447305 0.3064894448788116
DAS393 38.50016375010297 -112.88322035447305 0.3072713057075841
DAS394 38.50016375010297 -112.88322035447305 0.3080531665363565
DAS395 38.50016375010297 -112.88322035447305 0.308835027365129
DAS396 38.50016375010297 -112.88322035447305 0.3096168881939015
DAS397 38.50016375010297 -112.88322035447305 0.310398749022674
DAS398 38.50016375010297 -112.88322035447305 0.3111806098514464
DAS399 38.50016375010297 -112.88322035447305 0.31196247068021893
DAS400 38.50016375010297 -112.88322035447305 0.31274433150899145
DAS401 38.50016375010297 -112.88322035447305 0.3135261923377639
DAS402 38.50016375010297 -112.88322035447305 0.31430805316653637
DAS403 38.50016375010297 -112.88322035447305 0.31508991399530883
DAS404 38.50016375010297 -112.88322035447305 0.31587177482408135
DAS405 38.50016375010297 -112.88322035447305 0.31665363565285376
DAS406 38.50016375010297 -112.88322035447305 0.3174354964816263
DAS407 38.50016375010297 -112.88322035447305 0.31821735731039874
DAS408 38.50016375010297 -112.88322035447305 0.31899921813917126
DAS409 38.50016375010297 -112.88322035447305 0.3197810789679437
DAS410 38.50016375010297 -112.88322035447305 0.3205629397967162
DAS411 38.50016375010297 -112.88322035447305 0.3213448006254887
DAS412 38.50016375010297 -112.88322035447305 0.32212666145426117
DAS413 38.50016375010297 -112.88322035447305 0.3229085222830336
DAS414 38.50016375010297 -112.88322035447305 0.3236903831118061
DAS415 38.50016375010297 -112.88322035447305 0.3244722439405786
DAS416 38.50016375010297 -112.88322035447305 0.32525410476935107
DAS417 38.50016375010297 -112.88322035447305 0.32603596559812353
DAS418 38.50016375010297 -112.88322035447305 0.32681782642689605
DAS419 38.50016375010297 -112.88322035447305 0.3275996872556685
DAS420 38.50016375010297 -112.88322035447305 0.328381548084441
DAS421 38.50016375010297 -112.88322035447305 0.32916340891321344
DAS422 38.50016375010297 -112.88322035447305 0.32994526974198596
DAS423 38.50016375010297 -112.88322035447305 0.3307271305707584
DAS424 38.50016375010297 -112.88322035447305 0.3315089913995309
DAS425 38.50016375010297 -112.88322035447305 0.3322908522283034
DAS426 38.50016375010297 -112.88322035447305 0.33307271305707586
DAS427 38.50016375010297 -112.88322035447305 0.3338545738858483
DAS428 38.50016375010297 -112.88322035447305 0.3346364347146208
DAS429 38.50016375010297 -112.88322035447305 0.3354182955433933
DAS430 38.50016375010297 -112.88322035447305 0.33620015637216577
DAS431 38.50016375010297 -112.88322035447305 0.33698201720093823
DAS432 38.50016375010297 -112.88322035447305 0.33776387802971075
DAS433 38.50016375010297 -112.88322035447305 0.3385457388584832
DAS434 38.50016375010297 -112.88322035447305 0.3393275996872557
DAS435 38.50016375010297 -112.88322035447305 0.34010946051602814
DAS436 38.50016375010297 -112.88322035447305 0.34089132134480066
DAS437 38.50016375010297 -112.88322035447305 0.3416731821735731
DAS438 38.50016375010297 -112.88322035447305 0.3424550430023456
DAS439 38.50016375010297 -112.88322035447305 0.34323690383111805
DAS440 38.50016375010297 -112.88322035447305 0.34401876465989056
DAS441 38.50016375010297 -112.88322035447305 0.3448006254886631
DAS442 38.50016375010297 -112.88322035447305 0.3455824863174355
DAS443 38.50016375010297 -112.88322035447305 0.346364347146208
DAS444 38.50016375010297 -112.88322035447305 0.34714620797498047
DAS445 38.50016375010297 -112.88322035447305 0.34792806880375293
DAS446 38.50016375010297 -112.88322035447305 0.3487099296325254
DAS447 38.50016375010297 -112.88322035447305 0.3494917904612979
DAS448 38.50016375010297 -112.88322035447305 0.35027365129007043
DAS449 38.50016375010297 -112.88322035447305 0.35105551211884284
DAS450 38.50016375010297 -112.88322035447305 0.35183737294761536
DAS451 38.50016375010297 -112.88322035447305 0.3526192337763878
DAS452 38.50016375010297 -112.88322035447305 0.35340109460516034
DAS453 38.50016375010297 -112.88322035447305 0.35418295543393274
DAS454 38.50016375010297 -112.88322035447305 0.35496481626270526
DAS455 38.50016375010297 -112.88322035447305 0.3557466770914777
DAS456 38.50016375010297 -112.88322035447305 0.3565285379202502
DAS457 38.50016375010297 -112.88322035447305 0.3573103987490227
DAS458 38.50016375010297 -112.88322035447305 0.35809225957779517
DAS459 38.50016375010297 -112.88322035447305 0.3588741204065677
DAS460 38.50016375010297 -112.88322035447305 0.3596559812353401
DAS461 38.50016375010297 -112.88322035447305 0.3604378420641126
DAS462 38.50016375010297 -112.88322035447305 0.3612197028928851
DAS463 38.50016375010297 -112.88322035447305 0.36200156372165754
DAS464 38.50016375010297 -112.88322035447305 0.36278342455043
DAS465 38.50016375010297 -112.88322035447305 0.3635652853792025
DAS466 38.50016375010297 -112.88322035447305 0.36434714620797504
DAS467 38.50016375010297 -112.88322035447305 0.36512900703674744
DAS468 38.50016375010297 -112.88322035447305 0.36591086786551996
DAS469 38.50016375010297 -112.88322035447305 0.3666927286942924
DAS470 38.50016375010297 -112.88322035447305 0.36747458952306494
DAS471 38.50016375010297 -112.88322035447305 0.36825645035183735
DAS472 38.50016375010297 -112.88322035447305 0.36903831118060987
DAS473 38.50016375010297 -112.88322035447305 0.3698201720093824
DAS474 38.50016375010297 -112.88322035447305 0.3706020328381548
DAS475 38.50016375010297 -112.88322035447305 0.3713838936669273
DAS476 38.50016375010297 -112.88322035447305 0.3721657544956998
DAS477 38.50016375010297 -112.88322035447305 0.3729476153244723
DAS478 38.50016375010297 -112.88322035447305 0.3737294761532447
DAS479 38.50016375010297 -112.88322035447305 0.3745113369820172
DAS480 38.50016375010297 -112.88322035447305 0.3752931978107897
DAS481 38.50016375010297 -112.88322035447305 0.3760750586395622
DAS482 38.50016375010297 -112.88322035447305 0.37685691946833466
DAS483 38.50016375010297 -112.88322035447305 0.3776387802971071
DAS484 38.50016375010297 -112.88322035447305 0.37842064112587964
DAS485 38.50016375010297 -112.88322035447305 0.37920250195465205
DAS486 38.50016375010297 -112.88322035447305 0.37998436278342457
DAS487 38.50016375010297 -112.88322035447305 0.38076622361219703
DAS488 38.50016375010297 -112.88322035447305 0.38154808444096955
DAS489 38.50016375010297 -112.88322035447305 0.382329945269742
DAS490 38.50016375010297 -112.88322035447305 0.3831118060985145
DAS491 38.50016375010297 -112.88322035447305 0.383893666927287
DAS492 38.50016375010297 -112.88322035447305 0.38467552775605945
DAS493 38.50016375010297 -112.88322035447305 0.3854573885848319
DAS494 38.50016375010297 -112.88322035447305 0.3862392494136044
DAS495 38.50016375010297 -112.88322035447305 0.3870211102423769
DAS496 38.50016375010297 -112.88322035447305 0.3878029710711493
DAS497 38.50016375010297 -112.88322035447305 0.3885848318999218
DAS498 38.50016375010297 -112.88322035447305 0.38936669272869434
DAS499 38.50016375010297 -112.88322035447305 0.3901485535574668
DAS500 38.50016375010297 -112.88322035447305 0.39093041438623927
DAS501 38.50016375010297 -112.88322035447305 0.39171227521501173
DAS502 38.50016375010297 -112.88322035447305 0.39249413604378425
DAS503 38.50016375010297 -112.88322035447305 0.39327599687255665
DAS504 38.50016375010297 -112.88322035447305 0.3940578577013292
DAS505 38.50016375010297 -112.88322035447305 0.3948397185301017
DAS506 38.50016375010297 -112.88322035447305 0.39562157935887415
DAS507 38.50016375010297 -112.88322035447305 0.3964034401876466
DAS508 38.50016375010297 -112.88322035447305 0.3971853010164191
DAS509 38.50016375010297 -112.88322035447305 0.3979671618451916
DAS510 38.50016375010297 -112.88322035447305 0.39874902267396406
DAS511 38.50016375010297 -112.88322035447305 0.3995308835027365
DAS512 38.50016375010297 -112.88322035447305 0.400312744331509
DAS513 38.50016375010297 -112.88322035447305 0.4010946051602815
DAS514 38.50016375010297 -112.88322035447305 0.40187646598905397
DAS515 38.50016375010297 -112.88322035447305 0.40265832681782643
DAS516 38.50016375010297 -112.88322035447305 0.40344018764659895
DAS517 38.50016375010297 -112.88322035447305 0.4042220484753714
DAS518 38.50016375010297 -112.88322035447305 0.40500390930414387
DAS519 38.50016375010297 -112.88322035447305 0.40578577013291633
DAS520 38.50016375010297 -112.88322035447305 0.40656763096168885
DAS521 38.50016375010297 -112.88322035447305 0.4073494917904613
DAS522 38.50016375010297 -112.88322035447305 0.4081313526192338
DAS523 38.50016375010297 -112.88322035447305 0.4089132134480063
DAS524 38.50016375010297 -112.88322035447305 0.40969507427677876
DAS525 38.50016375010297 -112.88322035447305 0.4104769351055512
DAS526 38.50016375010297 -112.88322035447305 0.4112587959343237
DAS527 38.50016375010297 -112.88322035447305 0.4120406567630962
DAS528 38.50016375010297 -112.88322035447305 0.41282251759186867
DAS529 38.50016375010297 -112.88322035447305 0.41360437842064113
DAS530 38.50016375010297 -112.88322035447305 0.41438623924941365
DAS531 38.50016375010297 -112.88322035447305 0.4151681000781861
DAS532 38.50016375010297 -112.88322035447305 0.41594996090695857
DAS533 38.50016375010297 -112.88322035447305 0.41673182173573103
DAS534 38.50016375010297 -112.88322035447305 0.41751368256450355
DAS535 38.50016375010297 -112.88322035447305 0.418295543393276
DAS536 38.50016375010297 -112.88322035447305 0.4190774042220485
DAS537 38.50016375010297 -112.88322035447305 0.41985926505082094
DAS538 38.50016375010297 -112.88322035447305 0.42064112587959346
DAS539 38.50016375010297 -112.88322035447305 0.421422986708366
DAS540 38.50016375010297 -112.88322035447305 0.4222048475371384
DAS541 38.50016375010297 -112.88322035447305 0.4229867083659109
DAS542 38.50016375010297 -112.88322035447305 0.42376856919468336
DAS543 38.50016375010297 -112.88322035447305 0.4245504300234558
DAS544 38.50016375010297 -112.88322035447305 0.4253322908522283
DAS545 38.50016375010297 -112.88322035447305 0.4261141516810008
DAS546 38.50016375010297 -112.88322035447305 0.4268960125097733
DAS547 38.50016375010297 -112.88322035447305 0.42767787333854573
DAS548 38.50016375010297 -112.88322035447305 0.42845973416731825
DAS549 38.50016375010297 -112.88322035447305 0.4292415949960907
DAS550 38.50016375010297 -112.88322035447305 0.43002345582486323
DAS551 38.50016375010297 -112.88322035447305 0.43080531665363564
DAS552 38.50016375010297 -112.88322035447305 0.43158717748240816
DAS553 38.50016375010297 -112.88322035447305 0.4323690383111806
DAS554 38.50016375010297 -112.88322035447305 0.4331508991399531
DAS555 38.50016375010297 -112.88322035447305 0.4339327599687256
DAS556 38.50016375010297 -112.88322035447305 0.43471462079749806
DAS557 38.50016375010297 -112.88322035447305 0.4354964816262706
DAS558 38.50016375010297 -112.88322035447305 0.436278342455043
DAS559 38.50016375010297 -112.88322035447305 0.4370602032838155
DAS560 38.50016375010297 -112.88322035447305 0.43784206411258797
DAS561 38.50016375010297 -112.88322035447305 0.4386239249413605
DAS562 38.50016375010297 -112.88322035447305 0.4394057857701329
DAS563 38.50016375010297 -112.88322035447305 0.4401876465989054
DAS564 38.50016375010297 -112.88322035447305 0.44096950742767793
DAS565 38.50016375010297 -112.88322035447305 0.44175136825645034
DAS566 38.50016375010297 -112.88322035447305 0.44253322908522286
DAS567 38.50016375010297 -112.88322035447305 0.4433150899139953
DAS568 38.50016375010297 -112.88322035447305 0.44409695074276784
DAS569 38.50016375010297 -112.88322035447305 0.44487881157154024
DAS570 38.50016375010297 -112.88322035447305 0.44566067240031276
DAS571 38.50016375010297 -112.88322035447305 0.4464425332290853
DAS572 38.50016375010297 -112.88322035447305 0.4472243940578577
DAS573 38.50016375010297 -112.88322035447305 0.4480062548866302
DAS574 38.50016375010297 -112.88322035447305 0.44878811571540267
DAS575 38.50016375010297 -112.88322035447305 0.4495699765441752
DAS576 38.50016375010297 -112.88322035447305 0.4503518373729476
DAS577 38.50016375010297 -112.88322035447305 0.4511336982017201
DAS578 38.50016375010297 -112.88322035447305 0.4519155590304926
DAS579 38.50016375010297 -112.88322035447305 0.4526974198592651
DAS580 38.50016375010297 -112.88322035447305 0.45347928068803756
DAS581 38.50016375010297 -112.88322035447305 0.45426114151681
DAS582 38.50016375010297 -112.88322035447305 0.45504300234558254
DAS583 38.50016375010297 -112.88322035447305 0.45582486317435494
DAS584 38.50016375010297 -112.88322035447305 0.45660672400312746
DAS585 38.50016375010297 -112.88322035447305 0.4573885848318999
DAS586 38.50016375010297 -112.88322035447305 0.45817044566067244
DAS587 38.50016375010297 -112.88322035447305 0.4589523064894449
DAS588 38.50016375010297 -112.88322035447305 0.45973416731821737
DAS589 38.50016375010297 -112.88322035447305 0.4605160281469899
DAS590 38.50016375010297 -112.88322035447305 0.46129788897576235
DAS591 38.50016375010297 -112.88322035447305 0.4620797498045348
DAS592 38.50016375010297 -112.88322035447305 0.4628616106333073
DAS593 38.50016375010297 -112.88322035447305 0.4636434714620798
DAS594 38.50016375010297 -112.88322035447305 0.4644253322908522
DAS595 38.50016375010297 -112.88322035447305 0.4652071931196247
DAS596 38.50016375010297 -112.88322035447305 0.46598905394839724
DAS597 38.50016375010297 -112.88322035447305 0.4667709147771697
DAS598 38.50016375010297 -112.88322035447305 0.46755277560594216
DAS599 38.50016375010297 -112.88322035447305 0.4683346364347146
DAS600 38.50016375010297 -112.88322035447305 0.46911649726348714
DAS601 38.50016375010297 -112.88322035447305 0.46989835809225955
DAS602 38.50016375010297 -112.88322035447305 0.47068021892103207
DAS603 38.50016375010297 -112.88322035447305 0.4714620797498046
DAS604 38.50016375010297 -112.88322035447305 0.47224394057857705
DAS605 38.50016375010297 -112.88322035447305 0.4730258014073495
DAS606 38.50016375010297 -112.88322035447305 0.473807662236122
DAS607 38.50016375010297 -112.88322035447305 0.4745895230648945
DAS608 38.50016375010297 -112.88322035447305 0.47537138389366695
DAS609 38.50016375010297 -112.88322035447305 0.4761532447224394
DAS610 38.50016375010297 -112.88322035447305 0.4769351055512119
DAS611 38.50016375010297 -112.88322035447305 0.4777169663799844
DAS612 38.50016375010297 -112.88322035447305 0.47849882720875686
DAS613 38.50016375010297 -112.88322035447305 0.4792806880375293
DAS614 38.50016375010297 -112.88322035447305 0.48006254886630184
DAS615 38.50016375010297 -112.88322035447305 0.4808444096950743
DAS616 38.50016375010297 -112.88322035447305 0.48162627052384677
DAS617 38.50016375010297 -112.88322035447305 0.48240813135261923
DAS618 38.50016375010297 -112.88322035447305 0.48318999218139175
DAS619 38.50016375010297 -112.88322035447305 0.48397185301016427
DAS620 38.50016375010297 -112.88322035447305 0.4847537138389367
DAS621 38.50016375010297 -112.88322035447305 0.4855355746677092
DAS622 38.50016375010297 -112.88322035447305 0.48631743549648165
DAS623 38.50016375010297 -112.88322035447305 0.4870992963252541
DAS624 38.50016375010297 -112.88322035447305 0.4878811571540266
DAS625 38.50016375010297 -112.88322035447305 0.4886630179827991
DAS626 38.50016375010297 -112.88322035447305 0.48944487881157156
DAS627 38.50016375010297 -112.88322035447305 0.490226739640344
DAS628 38.50016375010297 -112.88322035447305 0.49100860046911654
DAS629 38.50016375010297 -112.88322035447305 0.491790461297889
DAS630 38.50016375010297 -112.88322035447305 0.4925723221266615
DAS631 38.50016375010297 -112.88322035447305 0.49335418295543393
DAS632 38.50016375010297 -112.88322035447305 0.49413604378420645
DAS633 38.50016375010297 -112.88322035447305 0.4949179046129789
DAS634 38.50016375010297 -112.88322035447305 0.49569976544175137
DAS635 38.50016375010297 -112.88322035447305 0.49648162627052383
DAS636 38.50016375010297 -112.88322035447305 0.49726348709929635
DAS637 38.50016375010297 -112.88322035447305 0.49804534792806887
DAS638 38.50016375010297 -112.88322035447305 0.4988272087568413
DAS639 38.50016375010297 -112.88322035447305 0.4996090695856138
DAS640 38.50016375010297 -112.88322035447305 0.5003909304143863
DAS641 38.50016375010297 -112.88322035447305 0.5011727912431587
DAS642 38.50016375010297 -112.88322035447305 0.5019546520719312
DAS643 38.50016375010297 -112.88322035447305 0.5027365129007036
DAS644 38.50016375010297 -112.88322035447305 0.5035183737294762
DAS645 38.50016375010297 -112.88322035447305 0.5043002345582487
DAS646 38.50016375010297 -112.88322035447305 0.5050820953870211
DAS647 38.50016375010297 -112.88322035447305 0.5058639562157936
DAS648 38.50016375010297 -112.88322035447305 0.5066458170445661
DAS649 38.50016375010297 -112.88322035447305 0.5074276778733385
DAS650 38.50016375010297 -112.88322035447305 0.508209538702111
DAS651 38.50016375010297 -112.88322035447305 0.5089913995308836
DAS652 38.50016375010297 -112.88322035447305 0.509773260359656
DAS653 38.50016375010297 -112.88322035447305 0.5105551211884285
DAS654 38.50016375010297 -112.88322035447305 0.511336982017201
DAS655 38.50016375010297 -112.88322035447305 0.5121188428459734
DAS656 38.50016375010297 -112.88322035447305 0.5129007036747459
DAS657 38.50016375010297 -112.88322035447305 0.5136825645035183
DAS658 38.50016375010297 -112.88322035447305 0.5144644253322909
DAS659 38.50016375010297 -112.88322035447305 0.5152462861610634
DAS660 38.50016375010297 -112.88322035447305 0.5160281469898358
DAS661 38.50016375010297 -112.88322035447305 0.5168100078186083
DAS662 38.50016375010297 -112.88322035447305 0.5175918686473808
DAS663 38.50016375010297 -112.88322035447305 0.5183737294761532
DAS664 38.50016375010297 -112.88322035447305 0.5191555903049258
DAS665 38.50016375010297 -112.88322035447305 0.5199374511336983
DAS666 38.50016375010297 -112.88322035447305 0.5207193119624707
DAS667 38.50016375010297 -112.88322035447305 0.5215011727912432
DAS668 38.50016375010297 -112.88322035447305 0.5222830336200157
DAS669 38.50016375010297 -112.88322035447305 0.5230648944487881
DAS670 38.50016375010297 -112.88322035447305 0.5238467552775606
DAS671 38.50016375010297 -112.88322035447305 0.524628616106333
DAS672 38.50016375010297 -112.88322035447305 0.5254104769351056
DAS673 38.50016375010297 -112.88322035447305 0.5261923377638781
DAS674 38.50016375010297 -112.88322035447305 0.5269741985926505
DAS675 38.50016375010297 -112.88322035447305 0.527756059421423
DAS676 38.50016375010297 -112.88322035447305 0.5285379202501955
DAS677 38.50016375010297 -112.88322035447305 0.5293197810789679
DAS678 38.50016375010297 -112.88322035447305 0.5301016419077405
DAS679 38.50016375010297 -112.88322035447305 0.530883502736513
DAS680 38.50016375010297 -112.88322035447305 0.5316653635652854
DAS681 38.50016375010297 -112.88322035447305 0.5324472243940579
DAS682 38.50016375010297 -112.88322035447305 0.5332290852228303
DAS683 38.50016375010297 -112.88322035447305 0.5340109460516028
DAS684 38.50016375010297 -112.88322035447305 0.5347928068803753
DAS685 38.50016375010297 -112.88322035447305 0.5355746677091477
DAS686 38.50016375010297 -112.88322035447305 0.5363565285379204
DAS687 38.50016375010297 -112.88322035447305 0.5371383893666928
DAS688 38.50016375010297 -112.88322035447305 0.5379202501954652
DAS689 38.50016375010297 -112.88322035447305 0.5387021110242377
DAS690 38.50016375010297 -112.88322035447305 0.5394839718530102
DAS691 38.50016375010297 -112.88322035447305 0.5402658326817826
DAS692 38.50016375010297 -112.88322035447305 0.5410476935105551
DAS693 38.50016375010297 -112.88322035447305 0.5418295543393277
DAS694 38.50016375010297 -112.88322035447305 0.5426114151681001
DAS695 38.50016375010297 -112.88322035447305 0.5433932759968726
DAS696 38.50016375010297 -112.88322035447305 0.544175136825645
DAS697 38.50016375010297 -112.88322035447305 0.5449569976544176
DAS698 38.50016375010297 -112.88322035447305 0.54573885848319
DAS699 38.50016375010297 -112.88322035447305 0.5465207193119624
DAS700 38.50016375010297 -112.88322035447305 0.547302580140735
DAS701 38.50016375010297 -112.88322035447305 0.5480844409695075
DAS702 38.50016375010297 -112.88322035447305 0.5488663017982799
DAS703 38.50016375010297 -112.88322035447305 0.5496481626270524
DAS704 38.50016375010297 -112.88322035447305 0.5504300234558249
DAS705 38.50016375010297 -112.88322035447305 0.5512118842845973
DAS706 38.50016375010297 -112.88322035447305 0.5519937451133698
DAS707 38.50016375010297 -112.88322035447305 0.5527756059421423
DAS708 38.50016375010297 -112.88322035447305 0.5535574667709149
DAS709 38.50016375010297 -112.88322035447305 0.5543393275996873
DAS710 38.50016375010297 -112.88322035447305 0.5551211884284597
DAS711 38.50016375010297 -112.88322035447305 0.5559030492572323
DAS712 38.50016375010297 -112.88322035447305 0.5566849100860047
DAS713 38.50016375010297 -112.88322035447305 0.5574667709147771
DAS714 38.50016375010297 -112.88322035447305 0.5582486317435497
DAS715 38.50016375010297 -112.88322035447305 0.5590304925723222
DAS716 38.50016375010297 -112.88322035447305 0.5598123534010946
DAS717 38.50016375010297 -112.88322035447305 0.5605942142298671
DAS718 38.50016375010297 -112.88322035447305 0.5613760750586396
DAS719 38.50016375010297 -112.88322035447305 0.562157935887412
DAS720 38.50016375010297 -112.88322035447305 0.5629397967161845
DAS721 38.50016375010297 -112.88322035447305 0.563721657544957
DAS722 38.50016375010297 -112.88322035447305 0.5645035183737296
DAS723 38.50016375010297 -112.88322035447305 0.565285379202502
DAS724 38.50016375010297 -112.88322035447305 0.5660672400312744
DAS725 38.50016375010297 -112.88322035447305 0.566849100860047
DAS726 38.50016375010297 -112.88322035447305 0.5676309616888194
DAS727 38.50016375010297 -112.88322035447305 0.5684128225175918
DAS728 38.50016375010297 -112.88322035447305 0.5691946833463644
DAS729 38.50016375010297 -112.88322035447305 0.5699765441751369
DAS730 38.50016375010297 -112.88322035447305 0.5707584050039093
DAS731 38.50016375010297 -112.88322035447305 0.5715402658326818
DAS732 38.50016375010297 -112.88322035447305 0.5723221266614542
DAS733 38.50016375010297 -112.88322035447305 0.5731039874902268
DAS734 38.50016375010297 -112.88322035447305 0.5738858483189992
DAS735 38.50016375010297 -112.88322035447305 0.5746677091477717
DAS736 38.50016375010297 -112.88322035447305 0.5754495699765443
DAS737 38.50016375010297 -112.88322035447305 0.5762314308053167
DAS738 38.50016375010297 -112.88322035447305 0.5770132916340891
DAS739 38.50016375010297 -112.88322035447305 0.5777951524628616
DAS740 38.50016375010297 -112.88322035447305 0.5785770132916341
DAS741 38.50016375010297 -112.88322035447305 0.5793588741204065
DAS742 38.50016375010297 -112.88322035447305 0.5801407349491791
DAS743 38.50016375010297 -112.88322035447305 0.5809225957779516
DAS744 38.50016375010297 -112.88322035447305 0.5817044566067241
DAS745 38.50016375010297 -112.88322035447305 0.5824863174354965
DAS746 38.50016375010297 -112.88322035447305 0.5832681782642689
DAS747 38.50016375010297 -112.88322035447305 0.5840500390930415
DAS748 38.50016375010297 -112.88322035447305 0.584831899921814
DAS749 38.50016375010297 -112.88322035447305 0.5856137607505864
DAS750 38.50016375010297 -112.88322035447305 0.586395621579359
DAS751 38.50016375010297 -112.88322035447305 0.5871774824081314
DAS752 38.50016375010297 -112.88322035447305 0.5879593432369038
DAS753 38.50016375010297 -112.88322035447305 0.5887412040656763
DAS754 38.50016375010297 -112.88322035447305 0.5895230648944488
DAS755 38.50016375010297 -112.88322035447305 0.5903049257232214
DAS756 38.50016375010297 -112.88322035447305 0.5910867865519938
DAS757 38.50016375010297 -112.88322035447305 0.5918686473807662
DAS758 38.50016375010297 -112.88322035447305 0.5926505082095388
DAS759 38.50016375010297 -112.88322035447305 0.5934323690383112
DAS760 38.50016375010297 -112.88322035447305 0.5942142298670836
DAS761 38.50016375010297 -112.88322035447305 0.5949960906958562
DAS762 38.50016375010297 -112.88322035447305 0.5957779515246286
DAS763 38.50016375010297 -112.88322035447305 0.596559812353401
DAS764 38.50016375010297 -112.88322035447305 0.5973416731821736
DAS765 38.50016375010297 -112.88322035447305 0.5981235340109461
DAS766 38.50016375010297 -112.88322035447305 0.5989053948397186
DAS767 38.50016375010297 -112.88322035447305 0.599687255668491
DAS768 38.50016375010297 -112.88322035447305 0.6004691164972635
DAS769 38.50016375010297 -112.88322035447305 0.601250977326036
DAS770 38.50016375010297 -112.88322035447305 0.6020328381548085
DAS771 38.50016375010297 -112.88322035447305 0.6028146989835809
DAS772 38.50016375010297 -112.88322035447305 0.6035965598123535
DAS773 38.50016375010297 -112.88322035447305 0.6043784206411259
DAS774 38.50016375010297 -112.88322035447305 0.6051602814698983
DAS775 38.50016375010297 -112.88322035447305 0.6059421422986709
DAS776 38.50016375010297 -112.88322035447305 0.6067240031274433
DAS777 38.50016375010297 -112.88322035447305 0.6075058639562159
DAS778 38.50016375010297 -112.88322035447305 0.6082877247849883
DAS779 38.50016375010297 -112.88322035447305 0.6090695856137608
DAS780 38.50016375010297 -112.88322035447305 0.6098514464425333
DAS781 38.50016375010297 -112.88322035447305 0.6106333072713057
DAS782 38.50016375010297 -112.88322035447305 0.6114151681000781
DAS783 38.50016375010297 -112.88322035447305 0.6121970289288508
DAS784 38.50016375010297 -112.88322035447305 0.6129788897576232
DAS785 38.50016375010297 -112.88322035447305 0.6137607505863956
DAS786 38.50016375010297 -112.88322035447305 0.6145426114151682
DAS787 38.50016375010297 -112.88322035447305 0.6153244722439406
DAS788 38.50016375010297 -112.88322035447305 0.616106333072713
DAS789 38.50016375010297 -112.88322035447305 0.6168881939014855
DAS790 38.50016375010297 -112.88322035447305 0.617670054730258
DAS791 38.50016375010297 -112.88322035447305 0.6184519155590306
DAS792 38.50016375010297 -112.88322035447305 0.619233776387803
DAS793 38.50016375010297 -112.88322035447305 0.6200156372165755
DAS794 38.50016375010297 -112.88322035447305 0.620797498045348
DAS795 38.50016375010297 -112.88322035447305 0.6215793588741204
DAS796 38.50016375010297 -112.88322035447305 0.6223612197028928
DAS797 38.50016375010297 -112.88322035447305 0.6231430805316654
DAS798 38.50016375010297 -112.88322035447305 0.6239249413604379
DAS799 38.50016375010297 -112.88322035447305 0.6247068021892103
DAS800 38.50016375010297 -112.88322035447305 0.6254886630179829
DAS801 38.50016375010297 -112.88322035447305 0.6262705238467553
DAS802 38.50016375010297 -112.88322035447305 0.6270523846755278
DAS803 38.50016375010297 -112.88322035447305 0.6278342455043002
DAS804 38.50016375010297 -112.88322035447305 0.6286161063330727
DAS805 38.50016375010297 -112.88322035447305 0.6293979671618453
DAS806 38.50016375010297 -112.88322035447305 0.6301798279906177
DAS807 38.50016375010297 -112.88322035447305 0.6309616888193902
DAS808 38.50016375010297 -112.88322035447305 0.6317435496481627
DAS809 38.50016375010297 -112.88322035447305 0.6325254104769351
DAS810 38.50016375010297 -112.88322035447305 0.6333072713057075
DAS811 38.50016375010297 -112.88322035447305 0.6340891321344801
DAS812 38.50016375010297 -112.88322035447305 0.6348709929632526
DAS813 38.50016375010297 -112.88322035447305 0.6356528537920251
DAS814 38.50016375010297 -112.88322035447305 0.6364347146207975
DAS815 38.50016375010297 -112.88322035447305 0.63721657544957
DAS816 38.50016375010297 -112.88322035447305 0.6379984362783425
DAS817 38.50016375010297 -112.88322035447305 0.6387802971071149
DAS818 38.50016375010297 -112.88322035447305 0.6395621579358874
DAS819 38.50016375010297 -112.88322035447305 0.64034401876466
DAS820 38.50016375010297 -112.88322035447305 0.6411258795934324
DAS821 38.50016375010297 -112.88322035447305 0.6419077404222048
DAS822 38.50016375010297 -112.88322035447305 0.6426896012509774
DAS823 38.50016375010297 -112.88322035447305 0.6434714620797498
DAS824 38.50016375010297 -112.88322035447305 0.6442533229085223
DAS825 38.50016375010297 -112.88322035447305 0.6450351837372948
DAS826 38.50016375010297 -112.88322035447305 0.6458170445660673
DAS827 38.50016375010297 -112.88322035447305 0.6465989053948398
DAS828 38.50016375010297 -112.88322035447305 0.6473807662236122
DAS829 38.50016375010297 -112.88322035447305 0.6481626270523847
DAS830 38.50016375010297 -112.88322035447305 0.6489444878811572
DAS831 38.50016375010297 -112.88322035447305 0.6497263487099296
DAS832 38.50016375010297 -112.88322035447305 0.6505082095387021
DAS833 38.50016375010297 -112.88322035447305 0.6512900703674747
DAS834 38.50016375010297 -112.88322035447305 0.6520719311962471
DAS835 38.50016375010297 -112.88322035447305 0.6528537920250196
DAS836 38.50016375010297 -112.88322035447305 0.6536356528537921
DAS837 38.50016375010297 -112.88322035447305 0.6544175136825645
DAS838 38.50016375010297 -112.88322035447305 0.655199374511337
DAS839 38.50016375010297 -112.88322035447305 0.6559812353401095
DAS840 38.50016375010297 -112.88322035447305 0.656763096168882
DAS841 38.50016375010297 -112.88322035447305 0.6575449569976545
DAS842 38.50016375010297 -112.88322035447305 0.6583268178264269
DAS843 38.50016375010297 -112.88322035447305 0.6591086786551994
DAS844 38.50016375010297 -112.88322035447305 0.6598905394839719
DAS845 38.50016375010297 -112.88322035447305 0.6606724003127443
DAS846 38.50016375010297 -112.88322035447305 0.6614542611415168
DAS847 38.50016375010297 -112.88322035447305 0.6622361219702894
DAS848 38.50016375010297 -112.88322035447305 0.6630179827990618
DAS849 38.50016375010297 -112.88322035447305 0.6637998436278343
DAS850 38.50016375010297 -112.88322035447305 0.6645817044566068
DAS851 38.50016375010297 -112.88322035447305 0.6653635652853792
DAS852 38.50016375010297 -112.88322035447305 0.6661454261141517
DAS853 38.50016375010297 -112.88322035447305 0.6669272869429241
DAS854 38.50016375010297 -112.88322035447305 0.6677091477716967
DAS855 38.50016375010297 -112.88322035447305 0.6684910086004692
DAS856 38.50016375010297 -112.88322035447305 0.6692728694292416
DAS857 38.50016375010297 -112.88322035447305 0.6700547302580141
DAS858 38.50016375010297 -112.88322035447305 0.6708365910867866
DAS859 38.50016375010297 -112.88322035447305 0.671618451915559
DAS860 38.50016375010297 -112.88322035447305 0.6724003127443315
DAS861 38.50016375010297 -112.88322035447305 0.6731821735731041
DAS862 38.50016375010297 -112.88322035447305 0.6739640344018765
DAS863 38.50016375010297 -112.88322035447305 0.674745895230649
DAS864 38.50016375010297 -112.88322035447305 0.6755277560594215
DAS865 38.50016375010297 -112.88322035447305 0.6763096168881939
DAS866 38.50016375010297 -112.88322035447305 0.6770914777169664
DAS867 38.50016375010297 -112.88322035447305 0.6778733385457388
DAS868 38.50016375010297 -112.88322035447305 0.6786551993745114
DAS869 38.50016375010297 -112.88322035447305 0.6794370602032839
DAS870 38.50016375010297 -112.88322035447305 0.6802189210320563
DAS871 38.50016375010297 -112.88322035447305 0.6810007818608288
DAS872 38.50016375010297 -112.88322035447305 0.6817826426896013
DAS873 38.50016375010297 -112.88322035447305 0.6825645035183737
DAS874 38.50016375010297 -112.88322035447305 0.6833463643471462
DAS875 38.50016375010297 -112.88322035447305 0.6841282251759188
DAS876 38.50016375010297 -112.88322035447305 0.6849100860046912
DAS877 38.50016375010297 -112.88322035447305 0.6856919468334637
DAS878 38.50016375010297 -112.88322035447305 0.6864738076622361
DAS879 38.50016375010297 -112.88322035447305 0.6872556684910086
DAS880 38.50016375010297 -112.88322035447305 0.6880375293197811
DAS881 38.50016375010297 -112.88322035447305 0.6888193901485535
DAS882 38.50016375010297 -112.88322035447305 0.6896012509773262
DAS883 38.50016375010297 -112.88322035447305 0.6903831118060986
DAS884 38.50016375010297 -112.88322035447305 0.691164972634871
DAS885 38.50016375010297 -112.88322035447305 0.6919468334636435
DAS886 38.50016375010297 -112.88322035447305 0.692728694292416
DAS887 38.50016375010297 -112.88322035447305 0.6935105551211884
DAS888 38.50016375010297 -112.88322035447305 0.6942924159499609
DAS889 38.50016375010297 -112.88322035447305 0.6950742767787335
DAS890 38.50016375010297 -112.88322035447305 0.6958561376075059
DAS891 38.50016375010297 -112.88322035447305 0.6966379984362784
DAS892 38.50016375010297 -112.88322035447305 0.6974198592650508
DAS893 38.50016375010297 -112.88322035447305 0.6982017200938234
DAS894 38.50016375010297 -112.88322035447305 0.6989835809225958
DAS895 38.50016375010297 -112.88322035447305 0.6997654417513682
DAS896 38.50016375010297 -112.88322035447305 0.7005473025801409
DAS897 38.50016375010297 -112.88322035447305 0.7013291634089133
DAS898 38.50016375010297 -112.88322035447305 0.7021110242376857
DAS899 38.50016375010297 -112.88322035447305 0.7028928850664582
DAS900 38.50016375010297 -112.88322035447305 0.7036747458952307
DAS901 38.50016375010297 -112.88322035447305 0.7044566067240031
DAS902 38.50016375010297 -112.88322035447305 0.7052384675527756
DAS903 38.50016375010297 -112.88322035447305 0.706020328381548
DAS904 38.50016375010297 -112.88322035447305 0.7068021892103207
DAS905 38.50016375010297 -112.88322035447305 0.7075840500390931
DAS906 38.50016375010297 -112.88322035447305 0.7083659108678655
DAS907 38.50016375010297 -112.88322035447305 0.7091477716966381
DAS908 38.50016375010297 -112.88322035447305 0.7099296325254105
DAS909 38.50016375010297 -112.88322035447305 0.7107114933541829
DAS910 38.50016375010297 -112.88322035447305 0.7114933541829555
DAS911 38.50016375010297 -112.88322035447305 0.712275215011728
DAS912 38.50016375010297 -112.88322035447305 0.7130570758405004
DAS913 38.50016375010297 -112.88322035447305 0.7138389366692729
DAS914 38.50016375010297 -112.88322035447305 0.7146207974980454
DAS915 38.50016375010297 -112.88322035447305 0.7154026583268179
DAS916 38.50016375010297 -112.88322035447305 0.7161845191555903
DAS917 38.50016375010297 -112.88322035447305 0.7169663799843627
DAS918 38.50016375010297 -112.88322035447305 0.7177482408131354
DAS919 38.50016375010297 -112.88322035447305 0.7185301016419078
DAS920 38.50016375010297 -112.88322035447305 0.7193119624706802
DAS921 38.50016375010297 -112.88322035447305 0.7200938232994528
DAS922 38.50016375010297 -112.88322035447305 0.7208756841282252
DAS923 38.50016375010297 -112.88322035447305 0.7216575449569976
DAS924 38.50016375010297 -112.88322035447305 0.7224394057857702
DAS925 38.50016375010297 -112.88322035447305 0.7232212666145427
DAS926 38.50016375010297 -112.88322035447305 0.7240031274433151
DAS927 38.50016375010297 -112.88322035447305 0.7247849882720876
DAS928 38.50016375010297 -112.88322035447305 0.72556684910086
DAS929 38.50016375010297 -112.88322035447305 0.7263487099296326
DAS930 38.50016375010297 -112.88322035447305 0.727130570758405
DAS931 38.50016375010297 -112.88322035447305 0.7279124315871774
DAS932 38.50016375010297 -112.88322035447305 0.7286942924159501
DAS933 38.50016375010297 -112.88322035447305 0.7294761532447225
DAS934 38.50016375010297 -112.88322035447305 0.7302580140734949
DAS935 38.50016375010297 -112.88322035447305 0.7310398749022674
DAS936 38.50016375010297 -112.88322035447305 0.7318217357310399
DAS937 38.50016375010297 -112.88322035447305 0.7326035965598123
DAS938 38.50016375010297 -112.88322035447305 0.7333854573885848
DAS939 38.50016375010297 -112.88322035447305 0.7341673182173574
DAS940 38.50016375010297 -112.88322035447305 0.7349491790461299
DAS941 38.50016375010297 -112.88322035447305 0.7357310398749023
DAS942 38.50016375010297 -112.88322035447305 0.7365129007036747
DAS943 38.50016375010297 -112.88322035447305 0.7372947615324473
DAS944 38.50016375010297 -112.88322035447305 0.7380766223612197
DAS945 38.50016375010297 -112.88322035447305 0.7388584831899921
DAS946 38.50016375010297 -112.88322035447305 0.7396403440187648
DAS947 38.50016375010297 -112.88322035447305 0.7404222048475372
DAS948 38.50016375010297 -112.88322035447305 0.7412040656763096
DAS949 38.50016375010297 -112.88322035447305 0.7419859265050821
DAS950 38.50016375010297 -112.88322035447305 0.7427677873338546
DAS951 38.50016375010297 -112.88322035447305 0.7435496481626271
DAS952 38.50016375010297 -112.88322035447305 0.7443315089913995
DAS953 38.50016375010297 -112.88322035447305 0.745113369820172
DAS954 38.50016375010297 -112.88322035447305 0.7458952306489446
DAS955 38.50016375010297 -112.88322035447305 0.746677091477717
DAS956 38.50016375010297 -112.88322035447305 0.7474589523064894
DAS957 38.50016375010297 -112.88322035447305 0.748240813135262
DAS958 38.50016375010297 -112.88322035447305 0.7490226739640344
DAS959 38.50016375010297 -112.88322035447305 0.7498045347928068
DAS960 38.50016375010297 -112.88322035447305 0.7505863956215794
DAS961 38.50016375010297 -112.88322035447305 0.7513682564503519
DAS962 38.50016375010297 -112.88322035447305 0.7521501172791244
DAS963 38.50016375010297 -112.88322035447305 0.7529319781078968
DAS964 38.50016375010297 -112.88322035447305 0.7537138389366693
DAS965 38.50016375010297 -112.88322035447305 0.7544956997654418
DAS966 38.50016375010297 -112.88322035447305 0.7552775605942142
DAS967 38.50016375010297 -112.88322035447305 0.7560594214229867
DAS968 38.50016375010297 -112.88322035447305 0.7568412822517593
DAS969 38.50016375010297 -112.88322035447305 0.7576231430805317
DAS970 38.50016375010297 -112.88322035447305 0.7584050039093041
DAS971 38.50016375010297 -112.88322035447305 0.7591868647380767
DAS972 38.50016375010297 -112.88322035447305 0.7599687255668491
DAS973 38.50016375010297 -112.88322035447305 0.7607505863956217
DAS974 38.50016375010297 -112.88322035447305 0.7615324472243941
DAS975 38.50016375010297 -112.88322035447305 0.7623143080531666
DAS976 38.50016375010297 -112.88322035447305 0.7630961688819391
DAS977 38.50016375010297 -112.88322035447305 0.7638780297107115
DAS978 38.50016375010297 -112.88322035447305 0.764659890539484
DAS979 38.50016375010297 -112.88322035447305 0.7654417513682565
DAS980 38.50016375010297 -112.88322035447305 0.766223612197029
DAS981 38.50016375010297 -112.88322035447305 0.7670054730258014
DAS982 38.50016375010297 -112.88322035447305 0.767787333854574
DAS983 38.50016375010297 -112.88322035447305 0.7685691946833464
DAS984 38.50016375010297 -112.88322035447305 0.7693510555121189
DAS985 38.50016375010297 -112.88322035447305 0.7701329163408913
DAS986 38.50016375010297 -112.88322035447305 0.7709147771696638
DAS987 38.50016375010297 -112.88322035447305 0.7716966379984364
DAS988 38.50016375010297 -112.88322035447305 0.7724784988272088
DAS989 38.50016375010297 -112.88322035447305 0.7732603596559813
DAS990 38.50016375010297 -112.88322035447305 0.7740422204847538
DAS991 38.50016375010297 -112.88322035447305 0.7748240813135262
DAS992 38.50016375010297 -112.88322035447305 0.7756059421422986
DAS993 38.50016375010297 -112.88322035447305 0.7763878029710712
DAS994 38.50016375010297 -112.88322035447305 0.7771696637998436
DAS995 38.50016375010297 -112.88322035447305 0.777951524628616
DAS996 38.50016375010297 -112.88322035447305 0.7787333854573887
DAS997 38.50016375010297 -112.88322035447305 0.7795152462861611
DAS998 38.50016375010297 -112.88322035447305 0.7802971071149336
DAS999 38.50016375010297 -112.88322035447305 0.781078967943706
DAS1000 38.50016375010297 -112.88322035447305 0.7818608287724785
DAS1001 38.50016375010297 -112.88322035447305 0.782642689601251
DAS1002 38.50016375010297 -112.88322035447305 0.7834245504300235
DAS1003 38.50016375010297 -112.88322035447305 0.784206411258796
DAS1004 38.50016375010297 -112.88322035447305 0.7849882720875685
DAS1005 38.50016375010297 -112.88322035447305 0.7857701329163409
DAS1006 38.50016375010297 -112.88322035447305 0.7865519937451133
DAS1007 38.50016375010297 -112.88322035447305 0.7873338545738859
DAS1008 38.50016375010297 -112.88322035447305 0.7881157154026583
DAS1009 38.50016375010297 -112.88322035447305 0.7888975762314309
DAS1010 38.50016375010297 -112.88322035447305 0.7896794370602034
DAS1011 38.50016375010297 -112.88322035447305 0.7904612978889758
DAS1012 38.50016375010297 -112.88322035447305 0.7912431587177483
DAS1013 38.50016375010297 -112.88322035447305 0.7920250195465207
DAS1014 38.50016375010297 -112.88322035447305 0.7928068803752932
DAS1015 38.50016375010297 -112.88322035447305 0.7935887412040658
DAS1016 38.50016375010297 -112.88322035447305 0.7943706020328382
DAS1017 38.50016375010297 -112.88322035447305 0.7951524628616106
DAS1018 38.50016375010297 -112.88322035447305 0.7959343236903832
DAS1019 38.50016375010297 -112.88322035447305 0.7967161845191556
DAS1020 38.50016375010297 -112.88322035447305 0.7974980453479281
DAS1021 38.50016375010297 -112.88322035447305 0.7982799061767006
DAS1022 38.50016375010297 -112.88322035447305 0.799061767005473
DAS1023 38.50016375010297 -112.88322035447305 0.7998436278342456
DAS1024 38.50016375010297 -112.88322035447305 0.800625488663018
DAS1025 38.50016375010297 -112.88322035447305 0.8014073494917905
DAS1026 38.50016375010297 -112.88322035447305 0.802189210320563
DAS1027 38.50016375010297 -112.88322035447305 0.8029710711493354
DAS1028 38.50016375010297 -112.88322035447305 0.8037529319781079
DAS1029 38.50016375010297 -112.88322035447305 0.8045347928068804
DAS1030 38.50016375010297 -112.88322035447305 0.8053166536356529
DAS1031 38.50016375010297 -112.88322035447305 0.8060985144644254
DAS1032 38.50016375010297 -112.88322035447305 0.8068803752931979
DAS1033 38.50016375010297 -112.88322035447305 0.8076622361219703
DAS1034 38.50016375010297 -112.88322035447305 0.8084440969507428
DAS1035 38.50016375010297 -112.88322035447305 0.8092259577795153
DAS1036 38.50016375010297 -112.88322035447305 0.8100078186082877
DAS1037 38.50016375010297 -112.88322035447305 0.8107896794370603
DAS1038 38.50016375010297 -112.88322035447305 0.8115715402658327
DAS1039 38.50016375010297 -112.88322035447305 0.8123534010946052
DAS1040 38.50016375010297 -112.88322035447305 0.8131352619233777
DAS1041 38.50016375010297 -112.88322035447305 0.8139171227521501
DAS1042 38.50016375010297 -112.88322035447305 0.8146989835809226
DAS1043 38.50016375010297 -112.88322035447305 0.8154808444096951
DAS1044 38.50016375010297 -112.88322035447305 0.8162627052384676
DAS1045 38.50016375010297 -112.88322035447305 0.8170445660672401
DAS1046 38.50016375010297 -112.88322035447305 0.8178264268960126
DAS1047 38.50016375010297 -112.88322035447305 0.818608287724785
DAS1048 38.50016375010297 -112.88322035447305 0.8193901485535575
DAS1049 38.50016375010297 -112.88322035447305 0.8201720093823299
DAS1050 38.50016375010297 -112.88322035447305 0.8209538702111024
DAS1051 38.50016375010297 -112.88322035447305 0.821735731039875
DAS1052 38.50016375010297 -112.88322035447305 0.8225175918686474
DAS1053 38.50016375010297 -112.88322035447305 0.82329945269742
DAS1054 38.50016375010297 -112.88322035447305 0.8240813135261924
DAS1055 38.50016375010297 -112.88322035447305 0.8248631743549648
DAS1056 38.50016375010297 -112.88322035447305 0.8256450351837373
DAS1057 38.50016375010297 -112.88322035447305 0.8264268960125098
DAS1058 38.50016375010297 -112.88322035447305 0.8272087568412823
DAS1059 38.50016375010297 -112.88322035447305 0.8279906176700548
DAS1060 38.50016375010297 -112.88322035447305 0.8287724784988273
DAS1061 38.50016375010297 -112.88322035447305 0.8295543393275997
DAS1062 38.50016375010297 -112.88322035447305 0.8303362001563722
DAS1063 38.50016375010297 -112.88322035447305 0.8311180609851446
DAS1064 38.50016375010297 -112.88322035447305 0.8318999218139171
DAS1065 38.50016375010297 -112.88322035447305 0.8326817826426897
DAS1066 38.50016375010297 -112.88322035447305 0.8334636434714621
DAS1067 38.50016375010297 -112.88322035447305 0.8342455043002347
DAS1068 38.50016375010297 -112.88322035447305 0.8350273651290071
DAS1069 38.50016375010297 -112.88322035447305 0.8358092259577795
DAS1070 38.50016375010297 -112.88322035447305 0.836591086786552
DAS1071 38.50016375010297 -112.88322035447305 0.8373729476153245
DAS1072 38.50016375010297 -112.88322035447305 0.838154808444097
DAS1073 38.50016375010297 -112.88322035447305 0.8389366692728695
DAS1074 38.50016375010297 -112.88322035447305 0.8397185301016419
DAS1075 38.50016375010297 -112.88322035447305 0.8405003909304144
DAS1076 38.50016375010297 -112.88322035447305 0.8412822517591869
DAS1077 38.50016375010297 -112.88322035447305 0.8420641125879593
DAS1078 38.50016375010297 -112.88322035447305 0.842845973416732
DAS1079 38.50016375010297 -112.88322035447305 0.8436278342455044
DAS1080 38.50016375010297 -112.88322035447305 0.8444096950742768
DAS1081 38.50016375010297 -112.88322035447305 0.8451915559030493
DAS1082 38.50016375010297 -112.88322035447305 0.8459734167318218
DAS1083 38.50016375010297 -112.88322035447305 0.8467552775605942
DAS1084 38.50016375010297 -112.88322035447305 0.8475371383893667
DAS1085 38.50016375010297 -112.88322035447305 0.8483189992181392
DAS1086 38.50016375010297 -112.88322035447305 0.8491008600469117
DAS1087 38.50016375010297 -112.88322035447305 0.8498827208756842
DAS1088 38.50016375010297 -112.88322035447305 0.8506645817044566
DAS1089 38.50016375010297 -112.88322035447305 0.8514464425332292
DAS1090 38.50016375010297 -112.88322035447305 0.8522283033620016
DAS1091 38.50016375010297 -112.88322035447305 0.853010164190774
DAS1092 38.50016375010297 -112.88322035447305 0.8537920250195467
DAS1093 38.50016375010297 -112.88322035447305 0.8545738858483191
DAS1094 38.50016375010297 -112.88322035447305 0.8553557466770915
DAS1095 38.50016375010297 -112.88322035447305 0.856137607505864
DAS1096 38.50016375010297 -112.88322035447305 0.8569194683346365
DAS1097 38.50016375010297 -112.88322035447305 0.8577013291634089
DAS1098 38.50016375010297 -112.88322035447305 0.8584831899921814
DAS1099 38.50016375010297 -112.88322035447305 0.8592650508209538
DAS1100 38.50016375010297 -112.88322035447305 0.8600469116497265
DAS1101 38.50016375010297 -112.88322035447305 0.8608287724784989
DAS1102 38.50016375010297 -112.88322035447305 0.8616106333072713
DAS1103 38.50016375010297 -112.88322035447305 0.8623924941360439
DAS1104 38.50016375010297 -112.88322035447305 0.8631743549648163
DAS1105 38.50016375010297 -112.88322035447305 0.8639562157935887
DAS1106 38.50016375010297 -112.88322035447305 0.8647380766223612
DAS1107 38.50016375010297 -112.88322035447305 0.8655199374511338
DAS1108 38.50016375010297 -112.88322035447305 0.8663017982799062
DAS1109 38.50016375010297 -112.88322035447305 0.8670836591086787
DAS1110 38.50016375010297 -112.88322035447305 0.8678655199374512
DAS1111 38.50016375010297 -112.88322035447305 0.8686473807662237
DAS1112 38.50016375010297 -112.88322035447305 0.8694292415949961
DAS1113 38.50016375010297 -112.88322035447305 0.8702111024237685
DAS1114 38.50016375010297 -112.88322035447305 0.8709929632525412
DAS1115 38.50016375010297 -112.88322035447305 0.8717748240813136
DAS1116 38.50016375010297 -112.88322035447305 0.872556684910086
DAS1117 38.50016375010297 -112.88322035447305 0.8733385457388586
DAS1118 38.50016375010297 -112.88322035447305 0.874120406567631
DAS1119 38.50016375010297 -112.88322035447305 0.8749022673964034
DAS1120 38.50016375010297 -112.88322035447305 0.8756841282251759
DAS1121 38.50016375010297 -112.88322035447305 0.8764659890539485
DAS1122 38.50016375010297 -112.88322035447305 0.877247849882721
DAS1123 38.50016375010297 -112.88322035447305 0.8780297107114934
DAS1124 38.50016375010297 -112.88322035447305 0.8788115715402658
DAS1125 38.50016375010297 -112.88322035447305 0.8795934323690384
DAS1126 38.50016375010297 -112.88322035447305 0.8803752931978108
DAS1127 38.50016375010297 -112.88322035447305 0.8811571540265832
DAS1128 38.50016375010297 -112.88322035447305 0.8819390148553559
DAS1129 38.50016375010297 -112.88322035447305 0.8827208756841283
DAS1130 38.50016375010297 -112.88322035447305 0.8835027365129007
DAS1131 38.50016375010297 -112.88322035447305 0.8842845973416732
DAS1132 38.50016375010297 -112.88322035447305 0.8850664581704457
DAS1133 38.50016375010297 -112.88322035447305 0.8858483189992181
DAS1134 38.50016375010297 -112.88322035447305 0.8866301798279906
DAS1135 38.50016375010297 -112.88322035447305 0.8874120406567632
DAS1136 38.50016375010297 -112.88322035447305 0.8881939014855357
DAS1137 38.50016375010297 -112.88322035447305 0.8889757623143081
DAS1138 38.50016375010297 -112.88322035447305 0.8897576231430805
DAS1139 38.50016375010297 -112.88322035447305 0.8905394839718531
DAS1140 38.50016375010297 -112.88322035447305 0.8913213448006255
DAS1141 38.50016375010297 -112.88322035447305 0.8921032056293979
DAS1142 38.50016375010297 -112.88322035447305 0.8928850664581706
DAS1143 38.50016375010297 -112.88322035447305 0.893666927286943
DAS1144 38.50016375010297 -112.88322035447305 0.8944487881157154
DAS1145 38.50016375010297 -112.88322035447305 0.8952306489444879
DAS1146 38.50016375010297 -112.88322035447305 0.8960125097732604
DAS1147 38.50016375010297 -112.88322035447305 0.8967943706020329
DAS1148 38.50016375010297 -112.88322035447305 0.8975762314308053
DAS1149 38.50016375010297 -112.88322035447305 0.8983580922595779
DAS1150 38.50016375010297 -112.88322035447305 0.8991399530883504
DAS1151 38.50016375010297 -112.88322035447305 0.8999218139171228
DAS1152 38.50016375010297 -112.88322035447305 0.9007036747458952
DAS1153 38.50016375010297 -112.88322035447305 0.9014855355746678
DAS1154 38.50016375010297 -112.88322035447305 0.9022673964034402
DAS1155 38.50016375010297 -112.88322035447305 0.9030492572322126
DAS1156 38.50016375010297 -112.88322035447305 0.9038311180609852
DAS1157 38.50016375010297 -112.88322035447305 0.9046129788897577
DAS1158 38.50016375010297 -112.88322035447305 0.9053948397185302
DAS1159 38.50016375010297 -112.88322035447305 0.9061767005473026
DAS1160 38.50016375010297 -112.88322035447305 0.9069585613760751
DAS1161 38.50016375010297 -112.88322035447305 0.9077404222048476
DAS1162 38.50016375010297 -112.88322035447305 0.90852228303362
DAS1163 38.50016375010297 -112.88322035447305 0.9093041438623924
DAS1164 38.50016375010297 -112.88322035447305 0.9100860046911651
DAS1165 38.50016375010297 -112.88322035447305 0.9108678655199375
DAS1166 38.50016375010297 -112.88322035447305 0.9116497263487099
DAS1167 38.50016375010297 -112.88322035447305 0.9124315871774825
DAS1168 38.50016375010297 -112.88322035447305 0.9132134480062549
DAS1169 38.50016375010297 -112.88322035447305 0.9139953088350274
DAS1170 38.50016375010297 -112.88322035447305 0.9147771696637998
DAS1171 38.50016375010297 -112.88322035447305 0.9155590304925724
DAS1172 38.50016375010297 -112.88322035447305 0.9163408913213449
DAS1173 38.50016375010297 -112.88322035447305 0.9171227521501173
DAS1174 38.50016375010297 -112.88322035447305 0.9179046129788898
DAS1175 38.50016375010297 -112.88322035447305 0.9186864738076623
DAS1176 38.50016375010297 -112.88322035447305 0.9194683346364347
DAS1177 38.50016375010297 -112.88322035447305 0.9202501954652071
DAS1178 38.50016375010297 -112.88322035447305 0.9210320562939798
DAS1179 38.50016375010297 -112.88322035447305 0.9218139171227522
DAS1180 38.50016375010297 -112.88322035447305 0.9225957779515247
DAS1181 38.50016375010297 -112.88322035447305 0.9233776387802972
DAS1182 38.50016375010297 -112.88322035447305 0.9241594996090696
DAS1183 38.50016375010297 -112.88322035447305 0.9249413604378421
DAS1184 38.50016375010297 -112.88322035447305 0.9257232212666145
DAS1185 38.50016375010297 -112.88322035447305 0.9265050820953871
DAS1186 38.50016375010297 -112.88322035447305 0.9272869429241596
DAS1187 38.50016375010297 -112.88322035447305 0.928068803752932
DAS1188 38.50016375010297 -112.88322035447305 0.9288506645817044
DAS1189 38.50016375010297 -112.88322035447305 0.929632525410477
DAS1190 38.50016375010297 -112.88322035447305 0.9304143862392494
DAS1191 38.50016375010297 -112.88322035447305 0.931196247068022
DAS1192 38.50016375010297 -112.88322035447305 0.9319781078967945
DAS1193 38.50016375010297 -112.88322035447305 0.9327599687255669
DAS1194 38.50016375010297 -112.88322035447305 0.9335418295543394
DAS1195 38.50016375010297 -112.88322035447305 0.9343236903831118
DAS1196 38.50016375010297 -112.88322035447305 0.9351055512118843
DAS1197 38.50016375010297 -112.88322035447305 0.9358874120406568
DAS1198 38.50016375010297 -112.88322035447305 0.9366692728694292
DAS1199 38.50016375010297 -112.88322035447305 0.9374511336982018
DAS1200 38.50016375010297 -112.88322035447305 0.9382329945269743
DAS1201 38.50016375010297 -112.88322035447305 0.9390148553557467
DAS1202 38.50016375010297 -112.88322035447305 0.9397967161845191
DAS1203 38.50016375010297 -112.88322035447305 0.9405785770132917
DAS1204 38.50016375010297 -112.88322035447305 0.9413604378420641
DAS1205 38.50016375010297 -112.88322035447305 0.9421422986708367
DAS1206 38.50016375010297 -112.88322035447305 0.9429241594996092
DAS1207 38.50016375010297 -112.88322035447305 0.9437060203283816
DAS1208 38.50016375010297 -112.88322035447305 0.9444878811571541
DAS1209 38.50016375010297 -112.88322035447305 0.9452697419859265
DAS1210 38.50016375010297 -112.88322035447305 0.946051602814699
DAS1211 38.50016375010297 -112.88322035447305 0.9468334636434715
DAS1212 38.50016375010297 -112.88322035447305 0.947615324472244
DAS1213 38.50016375010297 -112.88322035447305 0.9483971853010164
DAS1214 38.50016375010297 -112.88322035447305 0.949179046129789
DAS1215 38.50016375010297 -112.88322035447305 0.9499609069585614
DAS1216 38.50016375010297 -112.88322035447305 0.9507427677873339
DAS1217 38.50016375010297 -112.88322035447305 0.9515246286161064
DAS1218 38.50016375010297 -112.88322035447305 0.9523064894448788
DAS1219 38.50016375010297 -112.88322035447305 0.9530883502736514
DAS1220 38.50016375010297 -112.88322035447305 0.9538702111024238
DAS1221 38.50016375010297 -112.88322035447305 0.9546520719311963
DAS1222 38.50016375010297 -112.88322035447305 0.9554339327599688
DAS1223 38.50016375010297 -112.88322035447305 0.9562157935887412
DAS1224 38.50016375010297 -112.88322035447305 0.9569976544175137
DAS1225 38.50016375010297 -112.88322035447305 0.9577795152462862
DAS1226 38.50016375010297 -112.88322035447305 0.9585613760750586
DAS1227 38.50016375010297 -112.88322035447305 0.9593432369038312
DAS1228 38.50016375010297 -112.88322035447305 0.9601250977326037
DAS1229 38.50016375010297 -112.88322035447305 0.9609069585613761
DAS1230 38.50016375010297 -112.88322035447305 0.9616888193901486
DAS1231 38.50016375010297 -112.88322035447305 0.9624706802189211
DAS1232 38.50016375010297 -112.88322035447305 0.9632525410476935
DAS1233 38.50016375010297 -112.88322035447305 0.964034401876466
DAS1234 38.50016375010297 -112.88322035447305 0.9648162627052385
DAS1235 38.50016375010297 -112.88322035447305 0.965598123534011
DAS1236 38.50016375010297 -112.88322035447305 0.9663799843627835
DAS1237 38.50016375010297 -112.88322035447305 0.9671618451915559
DAS1238 38.50016375010297 -112.88322035447305 0.9679437060203285
DAS1239 38.50016375010297 -112.88322035447305 0.9687255668491009
DAS1240 38.50016375010297 -112.88322035447305 0.9695074276778733
DAS1241 38.50016375010297 -112.88322035447305 0.9702892885066459
DAS1242 38.50016375010297 -112.88322035447305 0.9710711493354184
DAS1243 38.50016375010297 -112.88322035447305 0.9718530101641908
DAS1244 38.50016375010297 -112.88322035447305 0.9726348709929633
DAS1245 38.50016375010297 -112.88322035447305 0.9734167318217357
DAS1246 38.50016375010297 -112.88322035447305 0.9741985926505082
DAS1247 38.50016375010297 -112.88322035447305 0.9749804534792808
DAS1248 38.50016375010297 -112.88322035447305 0.9757623143080532
DAS1249 38.50016375010297 -112.88322035447305 0.9765441751368258
DAS1250 38.50016375010297 -112.88322035447305 0.9773260359655982
DAS1251 38.50016375010297 -112.88322035447305 0.9781078967943706
DAS1252 38.50016375010297 -112.88322035447305 0.9788897576231431
DAS1253 38.50016375010297 -112.88322035447305 0.9796716184519156
DAS1254 38.50016375010297 -112.88322035447305 0.980453479280688
DAS1255 38.50016375010297 -112.88322035447305 0.9812353401094606
DAS1256 38.50016375010297 -112.88322035447305 0.9820172009382331
DAS1257 38.50016375010297 -112.88322035447305 0.9827990617670055
DAS1258 38.50016375010297 -112.88322035447305 0.983580922595778
DAS1259 38.50016375010297 -112.88322035447305 0.9843627834245504
DAS1260 38.50016375010297 -112.88322035447305 0.985144644253323
DAS1261 38.50016375010297 -112.88322035447305 0.9859265050820955
DAS1262 38.50016375010297 -112.88322035447305 0.9867083659108679
DAS1263 38.50016375010297 -112.88322035447305 0.9874902267396405
DAS1264 38.50016375010297 -112.88322035447305 0.9882720875684129
DAS1265 38.50016375010297 -112.88322035447305 0.9890539483971853
DAS1266 38.50016375010297 -112.88322035447305 0.9898358092259578
DAS1267 38.50016375010297 -112.88322035447305 0.9906176700547303
DAS1268 38.50016375010297 -112.88322035447305 0.9913995308835027
DAS1269 38.50016375010297 -112.88322035447305 0.9921813917122753
DAS1270 38.50016375010297 -112.88322035447305 0.9929632525410477
DAS1271 38.50016375010297 -112.88322035447305 0.9937451133698202
DAS1272 38.50016375010297 -112.88322035447305 0.9945269741985927
DAS1273 38.50016375010297 -112.88322035447305 0.9953088350273651
DAS1274 38.50016375010297 -112.88322035447305 0.9960906958561377
DAS1275 38.50016375010297 -112.88322035447305 0.9968725566849101
DAS1276 38.50016375010297 -112.88322035447305 0.9976544175136826
DAS1277 38.50016375010297 -112.88322035447305 0.9984362783424551
DAS1278 38.50016375010297 -112.88322035447305 0.9992181391712276
DAS1279 38.50016375010297 -112.88322035447305 1.0
