DAS591 38.50018207793117 -112.88320638599204 0.60282
DAS592 38.50018207793117 -112.88320638599204 0.60384
DAS593 38.50018207793117 -112.88320638599204 0.6048600000000001
DAS594 38.50018207793117 -112.88320638599204 0.60588
DAS595 38.50018207793117 -112.88320638599204 0.6069
DAS596 38.50018207793117 -112.88320638599204 0.6079199999999999
DAS597 38.50018207793117 -112.88320638599204 0.60894
DAS598 38.50018207793117 -112.88320638599204 0.6099600000000001
DAS599 38.50018207793117 -112.88320638599204 0.61098
DAS600 38.50018207793117 -112.88320638599204 0.612
DAS601 38.50018207793117 -112.88320638599204 0.61302
DAS602 38.50018207793117 -112.88320638599204 0.6140399999999999
DAS603 38.50018207793117 -112.88320638599204 0.61506
DAS604 38.50018207793117 -112.88320638599204 0.6160800000000001
DAS605 38.50018207793117 -112.88320638599204 0.6171
DAS606 38.50018207793117 -112.88320638599204 0.61812
DAS607 38.50018207793117 -112.88320638599204 0.61914
DAS608 38.50018207793117 -112.88320638599204 0.6201599999999999
DAS609 38.50018207793117 -112.88320638599204 0.6211800000000001
DAS610 38.50018207793117 -112.88320638599204 0.6222000000000001
DAS611 38.50018207793117 -112.88320638599204 0.62322
DAS612 38.50018207793117 -112.88320638599204 0.62424
DAS613 38.50018207793117 -112.88320638599204 0.62526
DAS614 38.50018207793117 -112.88320638599204 0.62628
DAS615 38.50018207793117 -112.88320638599204 0.6273
DAS616 38.50018207793117 -112.88320638599204 0.6283200000000001
DAS617 38.50018207793117 -112.88320638599204 0.62934
DAS618 38.50018207793117 -112.88320638599204 0.63036
DAS619 38.50018207793117 -112.88320638599204 0.6313799999999999
DAS620 38.50018207793117 -112.88320638599204 0.6324
DAS621 38.50018207793117 -112.88320638599204 0.63342
DAS622 38.50018207793117 -112.88320638599204 0.63444
DAS623 38.50018207793117 -112.88320638599204 0.63546
DAS624 38.50018207793117 -112.88320638599204 0.63648
DAS625 38.50018207793117 -112.88320638599204 0.6375
DAS626 38.50018207793117 -112.88320638599204 0.63852
DAS627 38.50018207793117 -112.88320638599204 0.63954
DAS628 38.50018207793117 -112.88320638599204 0.64056
DAS629 38.50018207793117 -112.88320638599204 0.64158
DAS630 38.50018207793117 -112.88320638599204 0.6426000000000001
DAS631 38.50018207793117 -112.88320638599204 0.64362
DAS632 38.50018207793117 -112.88320638599204 0.64464
DAS633 38.50018207793117 -112.88320638599204 0.64566
DAS634 38.50018207793117 -112.88320638599204 0.64668
DAS635 38.50018207793117 -112.88320638599204 0.6477
DAS636 38.50018207793117 -112.88320638599204 0.6487200000000001
DAS637 38.50018207793117 -112.88320638599204 0.64974
DAS638 38.50018207793117 -112.88320638599204 0.65076
DAS639 38.50018207793117 -112.88320638599204 0.65178
DAS640 38.50018207793117 -112.88320638599204 0.6527999999999999
DAS641 38.50018207793117 -112.88320638599204 0.6538200000000001
DAS642 38.50018207793117 -112.88320638599204 0.65484
DAS643 38.50018207793117 -112.88320638599204 0.65586
DAS644 38.50018207793117 -112.88320638599204 0.65688
DAS645 38.50018207793117 -112.88320638599204 0.6578999999999999
DAS646 38.50018207793117 -112.88320638599204 0.65892
DAS647 38.50018207793117 -112.88320638599204 0.6599400000000001
DAS648 38.50018207793117 -112.88320638599204 0.66096
DAS649 38.50018207793117 -112.88320638599204 0.66198
DAS650 38.50018207793117 -112.88320638599204 0.663
DAS651 38.50018207793117 -112.88320638599204 0.6640199999999999
DAS652 38.50018207793117 -112.88320638599204 0.66504
DAS653 38.50018207793117 -112.88320638599204 0.6660600000000001
DAS654 38.50018207793117 -112.88320638599204 0.66708
DAS655 38.50018207793117 -112.88320638599204 0.6681
DAS656 38.50018207793117 -112.88320638599204 0.66912
DAS657 38.50018207793117 -112.88320638599204 0.67014
DAS658 38.50018207793117 -112.88320638599204 0.67116
DAS659 38.50018207793117 -112.88320638599204 0.6721800000000001
DAS660 38.50018207793117 -112.88320638599204 0.6732
DAS661 38.50018207793117 -112.88320638599204 0.67422
DAS662 38.50018207793117 -112.88320638599204 0.6752400000000001
DAS663 38.50018207793117 -112.88320638599204 0.67626
DAS664 38.50018207793117 -112.88320638599204 0.67728
DAS665 38.50018207793117 -112.88320638599204 0.6783
DAS666 38.50018207793117 -112.88320638599204 0.67932
DAS667 38.50018207793117 -112.88320638599204 0.6803400000000001
DAS668 38.50018207793117 -112.88320638599204 0.68136
DAS669 38.50018207793117 -112.88320638599204 0.68238
DAS670 38.50018207793117 -112.88320638599204 0.6834
DAS671 38.50018207793117 -112.88320638599204 0.6844199999999999
DAS672 38.50018207793117 -112.88320638599204 0.68544
DAS673 38.50018207793117 -112.88320638599204 0.6864600000000001
DAS674 38.50018207793117 -112.88320638599204 0.68748
DAS675 38.50018207793117 -112.88320638599204 0.6885
DAS676 38.50018207793117 -112.88320638599204 0.68952
DAS677 38.50018207793117 -112.88320638599204 0.6905399999999999
DAS678 38.50018207793117 -112.88320638599204 0.6915600000000001
DAS679 38.50018207793117 -112.88320638599204 0.6925800000000001
DAS680 38.50018207793117 -112.88320638599204 0.6936
DAS681 38.50018207793117 -112.88320638599204 0.69462
DAS682 38.50018207793117 -112.88320638599204 0.69564
DAS683 38.50018207793117 -112.88320638599204 0.69666
DAS684 38.50018207793117 -112.88320638599204 0.6976800000000001
DAS685 38.50018207793117 -112.88320638599204 0.6987000000000001
DAS686 38.50018207793117 -112.88320638599204 0.69972
DAS687 38.50018207793117 -112.88320638599204 0.70074
DAS688 38.50018207793117 -112.88320638599204 0.7017599999999999
DAS689 38.50018207793117 -112.88320638599204 0.70278
DAS690 38.50018207793117 -112.88320638599204 0.7038000000000001
DAS691 38.50018207793117 -112.88320638599204 0.70482
DAS692 38.50018207793117 -112.88320638599204 0.70584
DAS693 38.50018207793117 -112.88320638599204 0.70686
DAS694 38.50018207793117 -112.88320638599204 0.70788
DAS695 38.50018207793117 -112.88320638599204 0.7089
DAS696 38.50018207793117 -112.88320638599204 0.70992
DAS697 38.50018207793117 -112.88320638599204 0.71094
DAS698 38.50018207793117 -112.88320638599204 0.71196
DAS699 38.50018207793117 -112.88320638599204 0.7129800000000001
DAS700 38.50018207793117 -112.88320638599204 0.714
DAS701 38.50018207793117 -112.88320638599204 0.71502
DAS702 38.50018207793117 -112.88320638599204 0.71604
DAS703 38.50018207793117 -112.88320638599204 0.71706
DAS704 38.50018207793117 -112.88320638599204 0.71808
DAS705 38.50018207793117 -112.88320638599204 0.7191000000000001
DAS706 38.50018207793117 -112.88320638599204 0.72012
DAS707 38.50018207793117 -112.88320638599204 0.72114
DAS708 38.50018207793117 -112.88320638599204 0.7221599999999999
DAS709 38.50018207793117 -112.88320638599204 0.72318
DAS710 38.50018207793117 -112.88320638599204 0.7242000000000001
DAS711 38.50018207793117 -112.88320638599204 0.72522
DAS712 38.50018207793117 -112.88320638599204 0.72624
DAS713 38.50018207793117 -112.88320638599204 0.72726
DAS714 38.50018207793117 -112.88320638599204 0.7282799999999999
DAS715 38.50018207793117 -112.88320638599204 0.7293000000000001
DAS716 38.50018207793117 -112.88320638599204 0.7303200000000001
DAS717 38.50018207793117 -112.88320638599204 0.73134
DAS718 38.50018207793117 -112.88320638599204 0.73236
DAS719 38.50018207793117 -112.88320638599204 0.73338
DAS720 38.50018207793117 -112.88320638599204 0.7343999999999999
DAS721 38.50018207793117 -112.88320638599204 0.73542
DAS722 38.50018207793117 -112.88320638599204 0.7364400000000001
DAS723 38.50018207793117 -112.88320638599204 0.73746
DAS724 38.50018207793117 -112.88320638599204 0.73848
DAS725 38.50018207793117 -112.88320638599204 0.7395
DAS726 38.50018207793117 -112.88320638599204 0.74052
DAS727 38.50018207793117 -112.88320638599204 0.74154
DAS728 38.50018207793117 -112.88320638599204 0.7425600000000001
DAS729 38.50018207793117 -112.88320638599204 0.74358
DAS730 38.50018207793117 -112.88320638599204 0.7446
DAS731 38.50018207793117 -112.88320638599204 0.74562
DAS732 38.50018207793117 -112.88320638599204 0.74664
DAS733 38.50018207793117 -112.88320638599204 0.74766
DAS734 38.50018207793117 -112.88320638599204 0.74868
DAS735 38.50018207793117 -112.88320638599204 0.7497
DAS736 38.50018207793117 -112.88320638599204 0.75072
DAS737 38.50018207793117 -112.88320638599204 0.75174
DAS738 38.50018207793117 -112.88320638599204 0.75276
DAS739 38.50018207793117 -112.88320638599204 0.75378
DAS740 38.50018207793117 -112.88320638599204 0.7548
DAS741 38.50018207793117 -112.88320638599204 0.75582
DAS742 38.50018207793117 -112.88320638599204 0.7568400000000001
DAS743 38.50018207793117 -112.88320638599204 0.75786
DAS744 38.50018207793117 -112.88320638599204 0.75888
DAS745 38.50018207793117 -112.88320638599204 0.7599
DAS746 38.50018207793117 -112.88320638599204 0.7609199999999999
DAS747 38.50018207793117 -112.88320638599204 0.7619400000000001
DAS748 38.50018207793117 -112.88320638599204 0.7629600000000001
DAS749 38.50018207793117 -112.88320638599204 0.76398
DAS750 38.50018207793117 -112.88320638599204 0.765
DAS751 38.50018207793117 -112.88320638599204 0.76602
DAS752 38.50018207793117 -112.88320638599204 0.7670399999999999
DAS753 38.50018207793117 -112.88320638599204 0.7680600000000001
DAS754 38.50018207793117 -112.88320638599204 0.76908
DAS755 38.50018207793117 -112.88320638599204 0.7701
DAS756 38.50018207793117 -112.88320638599204 0.77112
DAS757 38.50018207793117 -112.88320638599204 0.7721399999999999
DAS758 38.50018207793117 -112.88320638599204 0.77316
DAS759 38.50018207793117 -112.88320638599204 0.7741800000000001
DAS760 38.50018207793117 -112.88320638599204 0.7752
DAS761 38.50018207793117 -112.88320638599204 0.77622
DAS762 38.50018207793117 -112.88320638599204 0.77724
DAS763 38.50018207793117 -112.88320638599204 0.77826
DAS764 38.50018207793117 -112.88320638599204 0.77928
DAS765 38.50018207793117 -112.88320638599204 0.7803000000000001
DAS766 38.50018207793117 -112.88320638599204 0.78132
DAS767 38.50018207793117 -112.88320638599204 0.78234
DAS768 38.50018207793117 -112.88320638599204 0.7833600000000001
DAS769 38.50018207793117 -112.88320638599204 0.78438
DAS770 38.50018207793117 -112.88320638599204 0.7854
DAS771 38.50018207793117 -112.88320638599204 0.78642
DAS772 38.50018207793117 -112.88320638599204 0.78744
DAS773 38.50018207793117 -112.88320638599204 0.78846
DAS774 38.50018207793117 -112.88320638599204 0.7894800000000001
DAS775 38.50018207793117 -112.88320638599204 0.7905
DAS776 38.50018207793117 -112.88320638599204 0.79152
DAS777 38.50018207793117 -112.88320638599204 0.7925399999999999
DAS778 38.50018207793117 -112.88320638599204 0.79356
DAS779 38.50018207793117 -112.88320638599204 0.7945800000000001
DAS780 38.50018207793117 -112.88320638599204 0.7956
DAS781 38.50018207793117 -112.88320638599204 0.79662
DAS782 38.50018207793117 -112.88320638599204 0.79764
DAS783 38.50018207793117 -112.88320638599204 0.7986599999999999
DAS784 38.50018207793117 -112.88320638599204 0.7996800000000001
DAS785 38.50018207793117 -112.88320638599204 0.8007000000000001
DAS786 38.50018207793117 -112.88320638599204 0.80172
DAS787 38.50018207793117 -112.88320638599204 0.80274
DAS788 38.50018207793117 -112.88320638599204 0.80376
DAS789 38.50018207793117 -112.88320638599204 0.8047799999999999
DAS790 38.50018207793117 -112.88320638599204 0.8058000000000001
DAS791 38.50018207793117 -112.88320638599204 0.8068200000000001
DAS792 38.50018207793117 -112.88320638599204 0.80784
DAS793 38.50018207793117 -112.88320638599204 0.80886
DAS794 38.50018207793117 -112.88320638599204 0.80988
DAS795 38.50018207793117 -112.88320638599204 0.8109
DAS796 38.50018207793117 -112.88320638599204 0.81192
DAS797 38.50018207793117 -112.88320638599204 0.8129400000000001
DAS798 38.50018207793117 -112.88320638599204 0.81396
DAS799 38.50018207793117 -112.88320638599204 0.81498
DAS800 38.50018207793117 -112.88320638599204 0.816
DAS801 38.50018207793117 -112.88320638599204 0.81702
DAS802 38.50018207793117 -112.88320638599204 0.81804
DAS803 38.50018207793117 -112.88320638599204 0.81906
DAS804 38.50018207793117 -112.88320638599204 0.82008
DAS805 38.50018207793117 -112.88320638599204 0.8211
DAS806 38.50018207793117 -112.88320638599204 0.82212
DAS807 38.50018207793117 -112.88320638599204 0.82314
DAS808 38.50018207793117 -112.88320638599204 0.82416
DAS809 38.50018207793117 -112.88320638599204 0.82518
DAS810 38.50018207793117 -112.88320638599204 0.8262
DAS811 38.50018207793117 -112.88320638599204 0.8272200000000001
DAS812 38.50018207793117 -112.88320638599204 0.82824
DAS813 38.50018207793117 -112.88320638599204 0.82926
DAS814 38.50018207793117 -112.88320638599204 0.83028
DAS815 38.50018207793117 -112.88320638599204 0.8313
DAS816 38.50018207793117 -112.88320638599204 0.8323200000000001
DAS817 38.50018207793117 -112.88320638599204 0.8333400000000001
DAS818 38.50018207793117 -112.88320638599204 0.83436
DAS819 38.50018207793117 -112.88320638599204 0.83538
DAS820 38.50018207793117 -112.88320638599204 0.8364
DAS821 38.50018207793117 -112.88320638599204 0.8374199999999999
DAS822 38.50018207793117 -112.88320638599204 0.8384400000000001
DAS823 38.50018207793117 -112.88320638599204 0.83946
DAS824 38.50018207793117 -112.88320638599204 0.84048
DAS825 38.50018207793117 -112.88320638599204 0.8415
DAS826 38.50018207793117 -112.88320638599204 0.8425199999999999
DAS827 38.50018207793117 -112.88320638599204 0.84354
DAS828 38.50018207793117 -112.88320638599204 0.8445600000000001
DAS829 38.50018207793117 -112.88320638599204 0.84558
DAS830 38.50018207793117 -112.88320638599204 0.8466
DAS831 38.50018207793117 -112.88320638599204 0.84762
DAS832 38.50018207793117 -112.88320638599204 0.84864
DAS833 38.50018207793117 -112.88320638599204 0.84966
DAS834 38.50018207793117 -112.88320638599204 0.8506800000000001
DAS835 38.50018207793117 -112.88320638599204 0.8517
DAS836 38.50018207793117 -112.88320638599204 0.85272
DAS837 38.50018207793117 -112.88320638599204 0.85374
DAS838 38.50018207793117 -112.88320638599204 0.85476
DAS839 38.50018207793117 -112.88320638599204 0.85578
DAS840 38.50018207793117 -112.88320638599204 0.8568000000000001
DAS841 38.50018207793117 -112.88320638599204 0.85782
DAS842 38.50018207793117 -112.88320638599204 0.85884
DAS843 38.50018207793117 -112.88320638599204 0.8598600000000001
DAS844 38.50018207793117 -112.88320638599204 0.86088
DAS845 38.50018207793117 -112.88320638599204 0.8619
DAS846 38.50018207793117 -112.88320638599204 0.8629199999999999
DAS847 38.50018207793117 -112.88320638599204 0.86394
DAS848 38.50018207793117 -112.88320638599204 0.8649600000000001
DAS849 38.50018207793117 -112.88320638599204 0.86598
DAS850 38.50018207793117 -112.88320638599204 0.867
DAS851 38.50018207793117 -112.88320638599204 0.86802
DAS852 38.50018207793117 -112.88320638599204 0.8690399999999999
DAS853 38.50018207793117 -112.88320638599204 0.8700600000000001
DAS854 38.50018207793117 -112.88320638599204 0.8710800000000001
DAS855 38.50018207793117 -112.88320638599204 0.8721
DAS856 38.50018207793117 -112.88320638599204 0.87312
DAS857 38.50018207793117 -112.88320638599204 0.87414
DAS858 38.50018207793117 -112.88320638599204 0.8751599999999999
DAS859 38.50018207793117 -112.88320638599204 0.8761800000000001
DAS860 38.50018207793117 -112.88320638599204 0.8772000000000001
DAS861 38.50018207793117 -112.88320638599204 0.87822
DAS862 38.50018207793117 -112.88320638599204 0.87924
DAS863 38.50018207793117 -112.88320638599204 0.88026
DAS864 38.50018207793117 -112.88320638599204 0.88128
DAS865 38.50018207793117 -112.88320638599204 0.8823000000000001
DAS866 38.50018207793117 -112.88320638599204 0.8833200000000001
DAS867 38.50018207793117 -112.88320638599204 0.88434
DAS868 38.50018207793117 -112.88320638599204 0.88536
DAS869 38.50018207793117 -112.88320638599204 0.88638
DAS870 38.50018207793117 -112.88320638599204 0.8874
DAS871 38.50018207793117 -112.88320638599204 0.88842
DAS872 38.50018207793117 -112.88320638599204 0.88944
DAS873 38.50018207793117 -112.88320638599204 0.89046
DAS874 38.50018207793117 -112.88320638599204 0.89148
DAS875 38.50018207793117 -112.88320638599204 0.8925
DAS876 38.50018207793117 -112.88320638599204 0.89352
DAS877 38.50018207793117 -112.88320638599204 0.89454
DAS878 38.50018207793117 -112.88320638599204 0.89556
DAS879 38.50018207793117 -112.88320638599204 0.89658
DAS880 38.50018207793117 -112.88320638599204 0.8976000000000001
DAS881 38.50018207793117 -112.88320638599204 0.89862
DAS882 38.50018207793117 -112.88320638599204 0.89964
DAS883 38.50018207793117 -112.88320638599204 0.90066
DAS884 38.50018207793117 -112.88320638599204 0.90168
DAS885 38.50018207793117 -112.88320638599204 0.9027000000000001
DAS886 38.50018207793117 -112.88320638599204 0.9037200000000001
DAS887 38.50018207793117 -112.88320638599204 0.90474
DAS888 38.50018207793117 -112.88320638599204 0.90576
DAS889 38.50018207793117 -112.88320638599204 0.9067799999999999
DAS890 38.50018207793117 -112.88320638599204 0.9078
DAS891 38.50018207793117 -112.88320638599204 0.9088200000000001
DAS892 38.50018207793117 -112.88320638599204 0.90984
DAS893 38.50018207793117 -112.88320638599204 0.91086
DAS894 38.50018207793117 -112.88320638599204 0.91188
DAS895 38.50018207793117 -112.88320638599204 0.9128999999999999
DAS896 38.50018207793117 -112.88320638599204 0.9139200000000001
DAS897 38.50018207793117 -112.88320638599204 0.9149400000000001
DAS898 38.50018207793117 -112.88320638599204 0.91596
DAS899 38.50018207793117 -112.88320638599204 0.91698
DAS900 38.50018207793117 -112.88320638599204 0.918
DAS901 38.50018207793117 -112.88320638599204 0.91902
DAS902 38.50018207793117 -112.88320638599204 0.92004
DAS903 38.50018207793117 -112.88320638599204 0.9210600000000001
DAS904 38.50018207793117 -112.88320638599204 0.92208
DAS905 38.50018207793117 -112.88320638599204 0.9231
DAS906 38.50018207793117 -112.88320638599204 0.92412
DAS907 38.50018207793117 -112.88320638599204 0.92514
DAS908 38.50018207793117 -112.88320638599204 0.92616
DAS909 38.50018207793117 -112.88320638599204 0.9271800000000001
DAS910 38.50018207793117 -112.88320638599204 0.9282
DAS911 38.50018207793117 -112.88320638599204 0.92922
DAS912 38.50018207793117 -112.88320638599204 0.93024
DAS913 38.50018207793117 -112.88320638599204 0.93126
DAS914 38.50018207793117 -112.88320638599204 0.93228
DAS915 38.50018207793117 -112.88320638599204 0.93432
DAS916 38.50018207793117 -112.88320638599204 0.9353400000000001
DAS917 38.50018207793117 -112.88320638599204 0.93636
DAS918 38.50018207793117 -112.88320638599204 0.93738
DAS919 38.50018207793117 -112.88320638599204 0.9384
DAS920 38.50018207793117 -112.88320638599204 0.93942
DAS921 38.50018207793117 -112.88320638599204 0.94044
DAS922 38.50018207793117 -112.88320638599204 0.9414600000000001
DAS923 38.50018207793117 -112.88320638599204 0.94248
DAS924 38.50018207793117 -112.88320638599204 0.9435
DAS925 38.50018207793117 -112.88320638599204 0.94452
DAS926 38.50018207793117 -112.88320638599204 0.9455399999999999
DAS927 38.50018207793117 -112.88320638599204 0.9465600000000001
DAS928 38.50018207793117 -112.88320638599204 0.9475800000000001
DAS929 38.50018207793117 -112.88320638599204 0.9486
DAS930 38.50018207793117 -112.88320638599204 0.94962
DAS931 38.50018207793117 -112.88320638599204 0.95064
DAS932 38.50018207793117 -112.88320638599204 0.95166
DAS933 38.50018207793117 -112.88320638599204 0.9526800000000001
DAS934 38.50018207793117 -112.88320638599204 0.9537
DAS935 38.50018207793117 -112.88320638599204 0.95472
DAS936 38.50018207793117 -112.88320638599204 0.95574
DAS937 38.50018207793117 -112.88320638599204 0.9567599999999999
DAS938 38.50018207793117 -112.88320638599204 0.95778
DAS939 38.50018207793117 -112.88320638599204 0.9588000000000001
DAS940 38.50018207793117 -112.88320638599204 0.95982
DAS941 38.50018207793117 -112.88320638599204 0.96084
DAS942 38.50018207793117 -112.88320638599204 0.96186
DAS943 38.50018207793117 -112.88320638599204 0.96288
DAS944 38.50018207793117 -112.88320638599204 0.9639
DAS945 38.50018207793117 -112.88320638599204 0.9649200000000001
DAS946 38.50018207793117 -112.88320638599204 0.96594
DAS947 38.50018207793117 -112.88320638599204 0.96696
DAS948 38.50018207793117 -112.88320638599204 0.9679800000000001
DAS949 38.50018207793117 -112.88320638599204 0.969
DAS950 38.50018207793117 -112.88320638599204 0.97002
DAS951 38.50018207793117 -112.88320638599204 0.97104
DAS952 38.50018207793117 -112.88320638599204 0.97206
DAS953 38.50018207793117 -112.88320638599204 0.9730800000000001
DAS954 38.50018207793117 -112.88320638599204 0.9741000000000001
DAS955 38.50018207793117 -112.88320638599204 0.97512
DAS956 38.50018207793117 -112.88320638599204 0.97614
DAS957 38.50018207793117 -112.88320638599204 0.9771599999999999
DAS958 38.50018207793117 -112.88320638599204 0.97818
DAS959 38.50018207793117 -112.88320638599204 0.9792000000000001
DAS960 38.50018207793117 -112.88320638599204 0.98022
DAS961 38.50018207793117 -112.88320638599204 0.98124
DAS962 38.50018207793117 -112.88320638599204 0.98226
DAS963 38.50018207793117 -112.88320638599204 0.9832799999999999
DAS964 38.50018207793117 -112.88320638599204 0.9843000000000001
DAS965 38.50018207793117 -112.88320638599204 0.9853200000000001
DAS966 38.50018207793117 -112.88320638599204 0.98634
DAS967 38.50018207793117 -112.88320638599204 0.98736
DAS968 38.50018207793117 -112.88320638599204 0.98838
DAS969 38.50018207793117 -112.88320638599204 0.9894
DAS970 38.50018207793117 -112.88320638599204 0.9904200000000001
DAS971 38.50018207793117 -112.88320638599204 0.9914400000000001
DAS972 38.50018207793117 -112.88320638599204 0.99246
DAS973 38.50018207793117 -112.88320638599204 0.99348
DAS974 38.50018207793117 -112.88320638599204 0.9945
DAS975 38.50018207793117 -112.88320638599204 0.99552
DAS976 38.50018207793117 -112.88320638599204 0.99654
DAS977 38.50018207793117 -112.88320638599204 0.9975600000000001
DAS978 38.50018207793117 -112.88320638599204 0.99858
DAS979 38.50018207793117 -112.88320638599204 0.9996
DAS980 38.50018207793117 -112.88320638599204 1.00062
DAS981 38.50018207793117 -112.88320638599204 1.00164
DAS982 38.50018207793117 -112.88320638599204 1.0026599999999999
DAS983 38.50018207793117 -112.88320638599204 1.0036800000000001
DAS984 38.50018207793117 -112.88320638599204 1.0047000000000001
DAS985 38.50018207793117 -112.88320638599204 1.00572
DAS986 38.50018207793117 -112.88320638599204 1.00674
DAS987 38.50018207793117 -112.88320638599204 1.00776
DAS988 38.50018207793117 -112.88320638599204 1.00878
DAS989 38.50018207793117 -112.88320638599204 1.0098
DAS990 38.50018207793117 -112.88320638599204 1.01082
DAS991 38.50018207793117 -112.88320638599204 1.01184
DAS992 38.50018207793117 -112.88320638599204 1.01286
DAS993 38.50018207793117 -112.88320638599204 1.01388
DAS994 38.50018207793117 -112.88320638599204 1.0149
DAS995 38.50018207793117 -112.88320638599204 1.0159200000000002
