DAS591 38.50016375010297 -112.88322035447305 0.28356
DAS592 38.50016375010297 -112.88322035447305 0.28458
DAS593 38.50016375010297 -112.88322035447305 0.2856
DAS594 38.50016375010297 -112.88322035447305 0.28662
DAS595 38.50016375010297 -112.88322035447305 0.28764
DAS596 38.50016375010297 -112.88322035447305 0.28866
DAS597 38.50016375010297 -112.88322035447305 0.28968
DAS598 38.50016375010297 -112.88322035447305 0.2907
DAS599 38.50016375010297 -112.88322035447305 0.29172000000000003
DAS600 38.50016375010297 -112.88322035447305 0.29274
DAS601 38.50016375010297 -112.88322035447305 0.29375999999999997
DAS602 38.50016375010297 -112.88322035447305 0.29478000000000004
DAS603 38.50016375010297 -112.88322035447305 0.2958
DAS604 38.50016375010297 -112.88322035447305 0.29682
DAS605 38.50016375010297 -112.88322035447305 0.29784000000000005
DAS606 38.50016375010297 -112.88322035447305 0.29886
DAS607 38.50016375010297 -112.88322035447305 0.29988
DAS608 38.50016375010297 -112.88322035447305 0.3009
DAS609 38.50016375010297 -112.88322035447305 0.30192
DAS610 38.50016375010297 -112.88322035447305 0.30294
DAS611 38.50016375010297 -112.88322035447305 0.30395999999999995
DAS612 38.50016375010297 -112.88322035447305 0.30498000000000003
DAS613 38.50016375010297 -112.88322035447305 0.306
DAS614 38.50016375010297 -112.88322035447305 0.30701999999999996
DAS615 38.50016375010297 -112.88322035447305 0.30804000000000004
DAS616 38.50016375010297 -112.88322035447305 0.30906
DAS617 38.50016375010297 -112.88322035447305 0.31007999999999997
DAS618 38.50016375010297 -112.88322035447305 0.31110000000000004
DAS619 38.50016375010297 -112.88322035447305 0.31212
DAS620 38.50016375010297 -112.88322035447305 0.31314
DAS621 38.50016375010297 -112.88322035447305 0.31416000000000005
DAS622 38.50016375010297 -112.88322035447305 0.31518
DAS623 38.50016375010297 -112.88322035447305 0.3162
DAS624 38.50016375010297 -112.88322035447305 0.31722
DAS625 38.50016375010297 -112.88322035447305 0.31824
DAS626 38.50016375010297 -112.88322035447305 0.31926
DAS627 38.50016375010297 -112.88322035447305 0.32028
DAS628 38.50016375010297 -112.88322035447305 0.32130000000000003
DAS629 38.50016375010297 -112.88322035447305 0.32232
DAS630 38.50016375010297 -112.88322035447305 0.32334
DAS631 38.50016375010297 -112.88322035447305 0.32436000000000004
DAS632 38.50016375010297 -112.88322035447305 0.32538
DAS633 38.50016375010297 -112.88322035447305 0.32639999999999997
DAS634 38.50016375010297 -112.88322035447305 0.32742
DAS635 38.50016375010297 -112.88322035447305 0.32844
DAS636 38.50016375010297 -112.88322035447305 0.32946
DAS637 38.50016375010297 -112.88322035447305 0.33048
DAS638 38.50016375010297 -112.88322035447305 0.3315
DAS639 38.50016375010297 -112.88322035447305 0.33252
DAS640 38.50016375010297 -112.88322035447305 0.33354
DAS641 38.50016375010297 -112.88322035447305 0.33456
DAS642 38.50016375010297 -112.88322035447305 0.33558
DAS643 38.50016375010297 -112.88322035447305 0.3366
DAS644 38.50016375010297 -112.88322035447305 0.33762000000000003
DAS645 38.50016375010297 -112.88322035447305 0.33864
DAS646 38.50016375010297 -112.88322035447305 0.33966
DAS647 38.50016375010297 -112.88322035447305 0.34068
DAS648 38.50016375010297 -112.88322035447305 0.3417
DAS649 38.50016375010297 -112.88322035447305 0.34272
DAS650 38.50016375010297 -112.88322035447305 0.34374
DAS651 38.50016375010297 -112.88322035447305 0.34476
DAS652 38.50016375010297 -112.88322035447305 0.34578000000000003
DAS653 38.50016375010297 -112.88322035447305 0.3468
DAS654 38.50016375010297 -112.88322035447305 0.34782
DAS655 38.50016375010297 -112.88322035447305 0.34884000000000004
DAS656 38.50016375010297 -112.88322035447305 0.34986
DAS657 38.50016375010297 -112.88322035447305 0.35087999999999997
DAS658 38.50016375010297 -112.88322035447305 0.35190000000000005
DAS659 38.50016375010297 -112.88322035447305 0.35292
DAS660 38.50016375010297 -112.88322035447305 0.35394
DAS661 38.50016375010297 -112.88322035447305 0.35496
DAS662 38.50016375010297 -112.88322035447305 0.35598
DAS663 38.50016375010297 -112.88322035447305 0.357
DAS664 38.50016375010297 -112.88322035447305 0.35802
DAS665 38.50016375010297 -112.88322035447305 0.35904
DAS666 38.50016375010297 -112.88322035447305 0.36006
DAS667 38.50016375010297 -112.88322035447305 0.36107999999999996
DAS668 38.50016375010297 -112.88322035447305 0.36210000000000003
DAS669 38.50016375010297 -112.88322035447305 0.36312
DAS670 38.50016375010297 -112.88322035447305 0.36413999999999996
DAS671 38.50016375010297 -112.88322035447305 0.36516000000000004
DAS672 38.50016375010297 -112.88322035447305 0.36618
DAS673 38.50016375010297 -112.88322035447305 0.36719999999999997
DAS674 38.50016375010297 -112.88322035447305 0.36822000000000005
DAS675 38.50016375010297 -112.88322035447305 0.36924
DAS676 38.50016375010297 -112.88322035447305 0.37026
DAS677 38.50016375010297 -112.88322035447305 0.37128000000000005
DAS678 38.50016375010297 -112.88322035447305 0.3723
DAS679 38.50016375010297 -112.88322035447305 0.37332
DAS680 38.50016375010297 -112.88322035447305 0.37434
DAS681 38.50016375010297 -112.88322035447305 0.37536
DAS682 38.50016375010297 -112.88322035447305 0.37638
DAS683 38.50016375010297 -112.88322035447305 0.3774
DAS684 38.50016375010297 -112.88322035447305 0.37842000000000003
DAS685 38.50016375010297 -112.88322035447305 0.37944
DAS686 38.50016375010297 -112.88322035447305 0.38045999999999996
DAS687 38.50016375010297 -112.88322035447305 0.38148000000000004
DAS688 38.50016375010297 -112.88322035447305 0.3825
DAS689 38.50016375010297 -112.88322035447305 0.38351999999999997
DAS690 38.50016375010297 -112.88322035447305 0.38454
DAS691 38.50016375010297 -112.88322035447305 0.38556
DAS692 38.50016375010297 -112.88322035447305 0.38658
DAS693 38.50016375010297 -112.88322035447305 0.3876
DAS694 38.50016375010297 -112.88322035447305 0.38862
DAS695 38.50016375010297 -112.88322035447305 0.38964
DAS696 38.50016375010297 -112.88322035447305 0.39066
DAS697 38.50016375010297 -112.88322035447305 0.39168000000000003
DAS698 38.50016375010297 -112.88322035447305 0.3927
DAS699 38.50016375010297 -112.88322035447305 0.39372
DAS700 38.50016375010297 -112.88322035447305 0.39474000000000004
DAS701 38.50016375010297 -112.88322035447305 0.39576
DAS702 38.50016375010297 -112.88322035447305 0.39678
DAS703 38.50016375010297 -112.88322035447305 0.3978
DAS704 38.50016375010297 -112.88322035447305 0.39882
DAS705 38.50016375010297 -112.88322035447305 0.39984000000000003
DAS706 38.50016375010297 -112.88322035447305 0.40086
DAS707 38.50016375010297 -112.88322035447305 0.40188
DAS708 38.50016375010297 -112.88322035447305 0.40290000000000004
DAS709 38.50016375010297 -112.88322035447305 0.40392
DAS710 38.50016375010297 -112.88322035447305 0.40494
DAS711 38.50016375010297 -112.88322035447305 0.40596
DAS712 38.50016375010297 -112.88322035447305 0.40698
DAS713 38.50016375010297 -112.88322035447305 0.408
DAS714 38.50016375010297 -112.88322035447305 0.40902
DAS715 38.50016375010297 -112.88322035447305 0.41004
DAS716 38.50016375010297 -112.88322035447305 0.41106
DAS717 38.50016375010297 -112.88322035447305 0.41208
DAS718 38.50016375010297 -112.88322035447305 0.4131
DAS719 38.50016375010297 -112.88322035447305 0.41412
DAS720 38.50016375010297 -112.88322035447305 0.41514
DAS721 38.50016375010297 -112.88322035447305 0.41616000000000003
DAS722 38.50016375010297 -112.88322035447305 0.41718
DAS723 38.50016375010297 -112.88322035447305 0.4182
DAS724 38.50016375010297 -112.88322035447305 0.41922000000000004
DAS725 38.50016375010297 -112.88322035447305 0.42024
DAS726 38.50016375010297 -112.88322035447305 0.42125999999999997
DAS727 38.50016375010297 -112.88322035447305 0.42228000000000004
DAS728 38.50016375010297 -112.88322035447305 0.4233
DAS729 38.50016375010297 -112.88322035447305 0.42432
DAS730 38.50016375010297 -112.88322035447305 0.42534000000000005
DAS731 38.50016375010297 -112.88322035447305 0.42636
DAS732 38.50016375010297 -112.88322035447305 0.42738
DAS733 38.50016375010297 -112.88322035447305 0.42840000000000006
DAS734 38.50016375010297 -112.88322035447305 0.42942
DAS735 38.50016375010297 -112.88322035447305 0.43044
DAS736 38.50016375010297 -112.88322035447305 0.43145999999999995
DAS737 38.50016375010297 -112.88322035447305 0.43248000000000003
DAS738 38.50016375010297 -112.88322035447305 0.4335
DAS739 38.50016375010297 -112.88322035447305 0.43451999999999996
DAS740 38.50016375010297 -112.88322035447305 0.43554000000000004
DAS741 38.50016375010297 -112.88322035447305 0.43656
DAS742 38.50016375010297 -112.88322035447305 0.43757999999999997
DAS743 38.50016375010297 -112.88322035447305 0.43860000000000005
DAS744 38.50016375010297 -112.88322035447305 0.43962
DAS745 38.50016375010297 -112.88322035447305 0.44064
DAS746 38.50016375010297 -112.88322035447305 0.44166000000000005
DAS747 38.50016375010297 -112.88322035447305 0.44268
DAS748 38.50016375010297 -112.88322035447305 0.4437
DAS749 38.50016375010297 -112.88322035447305 0.44472
DAS750 38.50016375010297 -112.88322035447305 0.44574
DAS751 38.50016375010297 -112.88322035447305 0.44676
DAS752 38.50016375010297 -112.88322035447305 0.44778
DAS753 38.50016375010297 -112.88322035447305 0.44880000000000003
DAS754 38.50016375010297 -112.88322035447305 0.44982
DAS755 38.50016375010297 -112.88322035447305 0.45084
DAS756 38.50016375010297 -112.88322035447305 0.45186000000000004
DAS757 38.50016375010297 -112.88322035447305 0.45288
DAS758 38.50016375010297 -112.88322035447305 0.4539
DAS759 38.50016375010297 -112.88322035447305 0.45492
DAS760 38.50016375010297 -112.88322035447305 0.45594
DAS761 38.50016375010297 -112.88322035447305 0.45696000000000003
DAS762 38.50016375010297 -112.88322035447305 0.45798
DAS763 38.50016375010297 -112.88322035447305 0.459
DAS764 38.50016375010297 -112.88322035447305 0.46002
DAS765 38.50016375010297 -112.88322035447305 0.46104
DAS766 38.50016375010297 -112.88322035447305 0.46206
DAS767 38.50016375010297 -112.88322035447305 0.46308
DAS768 38.50016375010297 -112.88322035447305 0.4641
DAS769 38.50016375010297 -112.88322035447305 0.46512
DAS770 38.50016375010297 -112.88322035447305 0.46614
DAS771 38.50016375010297 -112.88322035447305 0.46716
DAS772 38.50016375010297 -112.88322035447305 0.46818
DAS773 38.50016375010297 -112.88322035447305 0.4692
DAS774 38.50016375010297 -112.88322035447305 0.47022
DAS775 38.50016375010297 -112.88322035447305 0.47124
DAS776 38.50016375010297 -112.88322035447305 0.47226
DAS777 38.50016375010297 -112.88322035447305 0.47328000000000003
DAS778 38.50016375010297 -112.88322035447305 0.4743
DAS779 38.50016375010297 -112.88322035447305 0.47532
DAS780 38.50016375010297 -112.88322035447305 0.47634000000000004
DAS781 38.50016375010297 -112.88322035447305 0.47736
DAS782 38.50016375010297 -112.88322035447305 0.47837999999999997
DAS783 38.50016375010297 -112.88322035447305 0.47940000000000005
DAS784 38.50016375010297 -112.88322035447305 0.48042
DAS785 38.50016375010297 -112.88322035447305 0.48144
DAS786 38.50016375010297 -112.88322035447305 0.48246000000000006
DAS787 38.50016375010297 -112.88322035447305 0.48348
DAS788 38.50016375010297 -112.88322035447305 0.4845
DAS789 38.50016375010297 -112.88322035447305 0.48552
DAS790 38.50016375010297 -112.88322035447305 0.48654000000000003
DAS791 38.50016375010297 -112.88322035447305 0.48756
DAS792 38.50016375010297 -112.88322035447305 0.48857999999999996
DAS793 38.50016375010297 -112.88322035447305 0.48960000000000004
DAS794 38.50016375010297 -112.88322035447305 0.49062
DAS795 38.50016375010297 -112.88322035447305 0.49163999999999997
DAS796 38.50016375010297 -112.88322035447305 0.49266000000000004
DAS797 38.50016375010297 -112.88322035447305 0.49368
DAS798 38.50016375010297 -112.88322035447305 0.4947
DAS799 38.50016375010297 -112.88322035447305 0.49572000000000005
DAS800 38.50016375010297 -112.88322035447305 0.49674
DAS801 38.50016375010297 -112.88322035447305 0.49776
DAS802 38.50016375010297 -112.88322035447305 0.49878000000000006
DAS803 38.50016375010297 -112.88322035447305 0.4998
DAS804 38.50016375010297 -112.88322035447305 0.50082
DAS805 38.50016375010297 -112.88322035447305 0.5018400000000001
DAS806 38.50016375010297 -112.88322035447305 0.50286
DAS807 38.50016375010297 -112.88322035447305 0.50388
DAS808 38.50016375010297 -112.88322035447305 0.5049
DAS809 38.50016375010297 -112.88322035447305 0.50592
DAS810 38.50016375010297 -112.88322035447305 0.50694
DAS811 38.50016375010297 -112.88322035447305 0.5079600000000001
DAS812 38.50016375010297 -112.88322035447305 0.50898
DAS813 38.50016375010297 -112.88322035447305 0.51
DAS814 38.50016375010297 -112.88322035447305 0.51102
DAS815 38.50016375010297 -112.88322035447305 0.5120399999999999
DAS816 38.50016375010297 -112.88322035447305 0.5130600000000001
DAS817 38.50016375010297 -112.88322035447305 0.5140800000000001
DAS818 38.50016375010297 -112.88322035447305 0.5151
DAS819 38.50016375010297 -112.88322035447305 0.51612
DAS820 38.50016375010297 -112.88322035447305 0.5171399999999999
DAS821 38.50016375010297 -112.88322035447305 0.51816
DAS822 38.50016375010297 -112.88322035447305 0.5191800000000001
DAS823 38.50016375010297 -112.88322035447305 0.5202
DAS824 38.50016375010297 -112.88322035447305 0.52122
DAS825 38.50016375010297 -112.88322035447305 0.52224
DAS826 38.50016375010297 -112.88322035447305 0.52326
DAS827 38.50016375010297 -112.88322035447305 0.52428
DAS828 38.50016375010297 -112.88322035447305 0.5253
DAS829 38.50016375010297 -112.88322035447305 0.52632
DAS830 38.50016375010297 -112.88322035447305 0.52734
DAS831 38.50016375010297 -112.88322035447305 0.52836
DAS832 38.50016375010297 -112.88322035447305 0.52938
DAS833 38.50016375010297 -112.88322035447305 0.5304
DAS834 38.50016375010297 -112.88322035447305 0.53142
DAS835 38.50016375010297 -112.88322035447305 0.53244
DAS836 38.50016375010297 -112.88322035447305 0.53346
DAS837 38.50016375010297 -112.88322035447305 0.5344800000000001
DAS838 38.50016375010297 -112.88322035447305 0.5355
DAS839 38.50016375010297 -112.88322035447305 0.53652
DAS840 38.50016375010297 -112.88322035447305 0.53754
DAS841 38.50016375010297 -112.88322035447305 0.53856
DAS842 38.50016375010297 -112.88322035447305 0.5395800000000001
DAS843 38.50016375010297 -112.88322035447305 0.5406
DAS844 38.50016375010297 -112.88322035447305 0.54162
DAS845 38.50016375010297 -112.88322035447305 0.54264
DAS846 38.50016375010297 -112.88322035447305 0.5436599999999999
DAS847 38.50016375010297 -112.88322035447305 0.54468
DAS848 38.50016375010297 -112.88322035447305 0.5457000000000001
DAS849 38.50016375010297 -112.88322035447305 0.54672
DAS850 38.50016375010297 -112.88322035447305 0.54774
DAS851 38.50016375010297 -112.88322035447305 0.54876
DAS852 38.50016375010297 -112.88322035447305 0.5497799999999999
DAS853 38.50016375010297 -112.88322035447305 0.5508
DAS854 38.50016375010297 -112.88322035447305 0.5518200000000001
DAS855 38.50016375010297 -112.88322035447305 0.55284
DAS856 38.50016375010297 -112.88322035447305 0.55386
DAS857 38.50016375010297 -112.88322035447305 0.55488
DAS858 38.50016375010297 -112.88322035447305 0.5559
DAS859 38.50016375010297 -112.88322035447305 0.55692
DAS860 38.50016375010297 -112.88322035447305 0.5579400000000001
DAS861 38.50016375010297 -112.88322035447305 0.55896
DAS862 38.50016375010297 -112.88322035447305 0.55998
DAS863 38.50016375010297 -112.88322035447305 0.561
DAS864 38.50016375010297 -112.88322035447305 0.56202
DAS865 38.50016375010297 -112.88322035447305 0.56304
DAS866 38.50016375010297 -112.88322035447305 0.56406
DAS867 38.50016375010297 -112.88322035447305 0.56508
DAS868 38.50016375010297 -112.88322035447305 0.5661
DAS869 38.50016375010297 -112.88322035447305 0.56712
DAS870 38.50016375010297 -112.88322035447305 0.56814
DAS871 38.50016375010297 -112.88322035447305 0.56916
DAS872 38.50016375010297 -112.88322035447305 0.57018
DAS873 38.50016375010297 -112.88322035447305 0.5712
DAS874 38.50016375010297 -112.88322035447305 0.5722200000000001
DAS875 38.50016375010297 -112.88322035447305 0.57324
DAS876 38.50016375010297 -112.88322035447305 0.57426
DAS877 38.50016375010297 -112.88322035447305 0.57528
DAS878 38.50016375010297 -112.88322035447305 0.5762999999999999
DAS879 38.50016375010297 -112.88322035447305 0.57732
DAS880 38.50016375010297 -112.88322035447305 0.5783400000000001
DAS881 38.50016375010297 -112.88322035447305 0.57936
DAS882 38.50016375010297 -112.88322035447305 0.58038
DAS883 38.50016375010297 -112.88322035447305 0.5814
DAS884 38.50016375010297 -112.88322035447305 0.5824199999999999
DAS885 38.50016375010297 -112.88322035447305 0.5834400000000001
DAS886 38.50016375010297 -112.88322035447305 0.5844600000000001
DAS887 38.50016375010297 -112.88322035447305 0.58548
DAS888 38.50016375010297 -112.88322035447305 0.5865
DAS889 38.50016375010297 -112.88322035447305 0.5875199999999999
DAS890 38.50016375010297 -112.88322035447305 0.58854
DAS891 38.50016375010297 -112.88322035447305 0.5895600000000001
DAS892 38.50016375010297 -112.88322035447305 0.59058
DAS893 38.50016375010297 -112.88322035447305 0.5916
DAS894 38.50016375010297 -112.88322035447305 0.59262
DAS895 38.50016375010297 -112.88322035447305 0.59364
DAS896 38.50016375010297 -112.88322035447305 0.59466
DAS897 38.50016375010297 -112.88322035447305 0.5956800000000001
DAS898 38.50016375010297 -112.88322035447305 0.5967
DAS899 38.50016375010297 -112.88322035447305 0.59772
DAS900 38.50016375010297 -112.88322035447305 0.59874
DAS901 38.50016375010297 -112.88322035447305 0.59976
DAS902 38.50016375010297 -112.88322035447305 0.60078
DAS903 38.50016375010297 -112.88322035447305 0.6018
DAS904 38.50016375010297 -112.88322035447305 0.60282
DAS905 38.50016375010297 -112.88322035447305 0.60384
DAS906 38.50016375010297 -112.88322035447305 0.6048600000000001
DAS907 38.50016375010297 -112.88322035447305 0.60588
DAS908 38.50016375010297 -112.88322035447305 0.6069
DAS909 38.50016375010297 -112.88322035447305 0.6079199999999999
DAS910 38.50016375010297 -112.88322035447305 0.60894
DAS911 38.50016375010297 -112.88322035447305 0.6099600000000001
DAS912 38.50016375010297 -112.88322035447305 0.61098
DAS913 38.50016375010297 -112.88322035447305 0.612
DAS914 38.50016375010297 -112.88322035447305 0.61302
DAS915 38.50016375010297 -112.88322035447305 0.6140399999999999
DAS916 38.50016375010297 -112.88322035447305 0.61506
DAS917 38.50016375010297 -112.88322035447305 0.6160800000000001
DAS918 38.50016375010297 -112.88322035447305 0.6171
DAS919 38.50016375010297 -112.88322035447305 0.61812
DAS920 38.50016375010297 -112.88322035447305 0.61914
DAS921 38.50016375010297 -112.88322035447305 0.6201599999999999
DAS922 38.50016375010297 -112.88322035447305 0.6211800000000001
DAS923 38.50016375010297 -112.88322035447305 0.6222000000000001
DAS924 38.50016375010297 -112.88322035447305 0.62322
DAS925 38.50016375010297 -112.88322035447305 0.62424
DAS926 38.50016375010297 -112.88322035447305 0.62526
DAS927 38.50016375010297 -112.88322035447305 0.62628
DAS928 38.50016375010297 -112.88322035447305 0.6273
DAS929 38.50016375010297 -112.88322035447305 0.6283200000000001
DAS930 38.50016375010297 -112.88322035447305 0.62934
DAS931 38.50016375010297 -112.88322035447305 0.63036
DAS932 38.50016375010297 -112.88322035447305 0.6313799999999999
DAS933 38.50016375010297 -112.88322035447305 0.6324
DAS934 38.50016375010297 -112.88322035447305 0.63342
DAS935 38.50016375010297 -112.88322035447305 0.63444
DAS936 38.50016375010297 -112.88322035447305 0.63546
DAS937 38.50016375010297 -112.88322035447305 0.63648
DAS938 38.50016375010297 -112.88322035447305 0.6375
DAS939 38.50016375010297 -112.88322035447305 0.63852
DAS940 38.50016375010297 -112.88322035447305 0.63954
DAS941 38.50016375010297 -112.88322035447305 0.64056
DAS942 38.50016375010297 -112.88322035447305 0.64158
DAS943 38.50016375010297 -112.88322035447305 0.6426000000000001
DAS944 38.50016375010297 -112.88322035447305 0.64362
DAS945 38.50016375010297 -112.88322035447305 0.64464
DAS946 38.50016375010297 -112.88322035447305 0.64566
DAS947 38.50016375010297 -112.88322035447305 0.64668
DAS948 38.50016375010297 -112.88322035447305 0.6477
DAS949 38.50016375010297 -112.88322035447305 0.6487200000000001
DAS950 38.50016375010297 -112.88322035447305 0.64974
DAS951 38.50016375010297 -112.88322035447305 0.65076
DAS952 38.50016375010297 -112.88322035447305 0.65178
DAS953 38.50016375010297 -112.88322035447305 0.6527999999999999
DAS954 38.50016375010297 -112.88322035447305 0.6538200000000001
DAS955 38.50016375010297 -112.88322035447305 0.65484
DAS956 38.50016375010297 -112.88322035447305 0.65586
DAS957 38.50016375010297 -112.88322035447305 0.65688
DAS958 38.50016375010297 -112.88322035447305 0.6578999999999999
DAS959 38.50016375010297 -112.88322035447305 0.65892
DAS960 38.50016375010297 -112.88322035447305 0.6599400000000001
DAS961 38.50016375010297 -112.88322035447305 0.66096
DAS962 38.50016375010297 -112.88322035447305 0.66198
DAS963 38.50016375010297 -112.88322035447305 0.663
DAS964 38.50016375010297 -112.88322035447305 0.6640199999999999
DAS965 38.50016375010297 -112.88322035447305 0.66504
DAS966 38.50016375010297 -112.88322035447305 0.6660600000000001
DAS967 38.50016375010297 -112.88322035447305 0.66708
DAS968 38.50016375010297 -112.88322035447305 0.6681
DAS969 38.50016375010297 -112.88322035447305 0.66912
DAS970 38.50016375010297 -112.88322035447305 0.67014
DAS971 38.50016375010297 -112.88322035447305 0.67116
DAS972 38.50016375010297 -112.88322035447305 0.6721800000000001
DAS973 38.50016375010297 -112.88322035447305 0.6732
DAS974 38.50016375010297 -112.88322035447305 0.67422
DAS975 38.50016375010297 -112.88322035447305 0.6752400000000001
DAS976 38.50016375010297 -112.88322035447305 0.67626
DAS977 38.50016375010297 -112.88322035447305 0.67728
DAS978 38.50016375010297 -112.88322035447305 0.6783
DAS979 38.50016375010297 -112.88322035447305 0.67932
DAS980 38.50016375010297 -112.88322035447305 0.6803400000000001
DAS981 38.50016375010297 -112.88322035447305 0.68136
DAS982 38.50016375010297 -112.88322035447305 0.68238
DAS983 38.50016375010297 -112.88322035447305 0.6834
DAS984 38.50016375010297 -112.88322035447305 0.6844199999999999
DAS985 38.50016375010297 -112.88322035447305 0.68544
DAS986 38.50016375010297 -112.88322035447305 0.6864600000000001
DAS987 38.50016375010297 -112.88322035447305 0.68748
DAS988 38.50016375010297 -112.88322035447305 0.6885
DAS989 38.50016375010297 -112.88322035447305 0.68952
DAS990 38.50016375010297 -112.88322035447305 0.6905399999999999
DAS991 38.50016375010297 -112.88322035447305 0.6915600000000001
DAS992 38.50016375010297 -112.88322035447305 0.6925800000000001
DAS993 38.50016375010297 -112.88322035447305 0.6936
DAS994 38.50016375010297 -112.88322035447305 0.69462
